항목	용도명	번호+용도명	이용시작시간	이용종료시간	일일이용시간	연간이용일수	방학여부	공조/냉방 일일가동시간	냉난방설비가동일수	난방일일가동시간	조도	작업면높이	이용영역계수	조명이용시 부재율	수직면기준조명계수	난방설정온도	냉방설정온도	허용셋백온도	난방최저온도	냉방최고온도	최저상대습도	최고상대습도	겨울습기발생량	여름 습기발생량	필요외기도입량	비이용일 최소외기도입량	이용일 최소외기도입량	공조운전시 부재율	공조/냉방 부분운전계수	사람일일이용시간	기기일일이용시간	재실밀도_낮음	재실밀도_보통	재실밀도_높음	인체발열_낮음	인체발열_보통	인체발열_높음	기기발열_낮음	기기발열_보통	기기발열_높음	급탕요구량	종업원수
구분	구분	구분	재실시간 / 이용시간								조명					실내환경														내부발열											급탕	
번호	번호	번호	01	02	03	04	05	06	07	08	09	10	11	12	13	14	15	16	17	18	19	20	21	22	23	24	25	26	27	28	29	30	31	32	33	34	35	36	37	38	39	40
번호+항목	번호+항목	번호+항목	01. 이용시작시간	02. 이용종료시간	03. 일일이용시간	04. 연간이용일수	05. 방학여부	06. 공조/냉방 일일가동시간	07. 냉난방설비가동일수	08. 난방일일가동시간	09. 조도	10. 작업면높이	11. 이용영역계수	12. 조명이용시 부재율	13. 수직면기준조명계수	14. 난방설정온도	15. 냉방설정온도	16. 허용셋백온도	17. 난방최저온도	18. 냉방최고온도	19. 최저상대습도	20. 최고상대습도	21. 겨울습기발생량	22. 여름 습기발생량	23. 필요외기도입량	24. 비이용일 최소외기도입량	25. 이용일 최소외기도입량	26. 공조운전시 부재율	27. 공조/냉방 부분운전계수	28. 사람일일이용시간	29. 기기일일이용시간	30. 재실밀도_낮음	31. 재실밀도_보통	32. 재실밀도_높음	33. 인체발열_낮음	34. 인체발열_보통	35. 인체발열_높음	36. 기기발열_낮음	37. 기기발열_보통	38. 기기발열_높음	39. 급탕요구량	40. 종업원수
기호	기호	기호	-	-	"twd,d"	"dwd,a"		"tv,op,d"	"dop,a"	"th,op,d"	Em	hNe	FCA	FA	kVB	"θi,h,soll"	"θi,c,soll"	"Δθi,NA"	"θi,h,min"	"θi,c,max"					VA	"VA,bldg"	"VA,bldg"	cHVAC	FHVAC												"Qw,b"	
단위	용도명	번호+용도명	Time	Time	h/d	d/a		h/d	d/a	h/d	lx	m	-	-	-	°C	°C	K	°C	°C	%	%	"g/(h,명)"	"g/(h,명)"	m³/(h ? m²)	m³/(h ? m²)	m³/(h ? m²)			h/d	h/d	m2/인	m2/인	m2/인	W/m2	W/m2	W/m2	W/m2	W/m2	W/m2	kWh/인·d	
01	단독주택	01. 단독주택	0:00	24:00	24	365		24	365	17	300	0.8	1	0.53	1.0	20	26	0	19	28	25	60	35	65	1.3	1.30	1.30	0	0.5	14.4 	14.4 	49.5 	42.5 	24.8 	1.6 	1.9 	3.2 	2.1 	2.4 	4.1 	2.3	
02	공동주택	02. 공동주택	0:00	24:00	24	365		24	365	17	300	0.8	1	0.53	1.0	20	26	0	19	28	25	60	35	65	1.3	1.30	1.30	0	0.5	14.4 	14.4 	33.0 	28.3 	17.3 	2.4 	2.8 	4.6 	2.6 	3.0 	4.9 	2	
03	단독 사무실	03. 단독 사무실	9:00	18:00	9	249		10	249	10	500	0.8	0.84	0.40	1.0	21	26	4	20	28	25	60	35	65	4.00	1.50	3.25	0.30	0.7	6.0 	6.0 	22.0 	17.0 	12.0 	3.6 	4.7 	6.7 	6.5 	8.5 	12.0 	0.4	
04	소규모 사무실	04. 소규모 사무실	8:00	18:00	10	249		11	249	11	500	0.8	0.92	0.30	1.0	21	26	4	20	28	25	60	35	65	4.00	1.50	3.25	0.30	0.7	6.0 	6.0 	12.0 	10.0 	8.3 	6.7 	8.0 	9.6 	12.0 	14.4 	17.3 	0.4	
05	대규모 사무실	05. 대규모 사무실	8:00	18:00	10	249		11	249	11	500	0.8	0.93	0.20	1.0	21	26	4	20	28	25	60	35	65	6.00	1.50	5.10	0.20	1.0	6.0 	6.0 	8.3 	7.3 	6.3 	9.6 	11.0 	12.7 	17.3 	19.7 	22.9 	0.4	
06	회의실 및 세미나실	06. 회의실 및 세미나실	9:00	18:00	9	249		10	249	10	500	0.8	0.93	0.50	1.0	21	26	4	20	28	25	60	35	65	15.00	1.50	8.25	0.50	0.5	4.0 	4.0 	5.0 	3.5 	2.0 	16.0 	22.9 	40.0 	1.0 	2.0 	3.0 	0.0	
07	"로비, 홀"	"07. 로비, 홀"	9:00	18:00	9	249		10	249	10	200	0.8	0.87	0.00	1.0	21	26	4	20	28	25	60	35	65	2.00	1.25	1.63	0.50	1.0	6.0 	6.0 	16.0 	12.0 	8.0 	5.0 	6.7 	10.0 	1.5 	4.0 	9.5 	1.0	1
08	매장(상점/백화점)	08. 매장(상점/백화점)	8:00	20:00	12	299		13	299	13	300	0.8	0.93	0.00	1.5	21	25	4	20	27	25	60	35	65	4.00	1.50	2.75	0.50	1.0	6.0 	12.0 	17.0 	11.0 	5.0 	4.7 	7.3 	16.0 	1.0 	2.0 	3.0 	1.0	3
09	어린이 교실	09. 어린이 교실	7:00	19:00	12	299	1	13	299	13	300	0.8	0.97	0.30	1.0	21	25.5	4	20	27.5	25	60	35	65	4.00	1.50	2.75	0.50	1.0	5.0 	8.0 	3.8 	3.3 	2.8 	15.8 	18.2 	21.4 	2.0 	4.0 	6.0 	1.5	
10	"교실(초,중,고)"	"10. 교실(초,중,고)"	8:00	15:00	7	199	1	8	199	8	300	0.8	0.97	0.25	1.0	21	26	4	20	28	25	60	35	65	10.00	1.50	7.88	0.25	0.9	7.0 	9.0 	3.8 	3.3 	2.8 	21.1 	24.2 	28.6 	2.0 	4.0 	6.0 	1.5	
11	강의실(대학교)	11. 강의실(대학교)	9:00	18:00	9	150	1	10	150	10	300	0.8	0.97	0.25	1.0	21	26	4	20	28	25	60	35	65	10.00	1.50	4.90	0.60	1.0	6.0 	8.0 	4.6 	4.0 	3.7 	17.4 	20.0 	21.6 	2.0 	4.0 	6.0 	0.4	
12	강당	12. 강당	9:00	18:00	9	150	1	10	150	10	500	0.8	0.92	0.25	1.0	21	26	4	20	28	25	60	35	65	30.00	1.50	15.75	0.50	0.6	6.0 	6.0 	1.2 	1.0 	0.8 	58.3 	70.0 	87.5 	2.0 	4.0 	6.0 	0.0	
13	병실	13. 병실	0:00	24:00	24	365		24	365	17	300	0.8	1.00	0.00	1.0	22	26	0	21	28	25	60	35	65	5.00	1.50	5.00	0.00	0.8	24.0 	6.0 	19.0 	14.0 	10.0 	3.7 	5.0 	7.0 	2.0 	4.0 	6.0 	4.1	
14	객실	14. 객실	21:00	8:00	13	365		14	365	14	200	0.8	1.00	0.60	1.0	21	26	0	20	28	25	60	35	65	3.00	1.50	2.25	0.50	0.5	10.0 	11.0 	12.0 	10.0 	8.0 	5.8 	7.0 	8.8 	2.0 	4.0 	6.0 	4.1	
15	구내식당	15. 구내식당	8:00	15:00	7	249		8	249	8	200	0.8	0.97	0.00	1.0	21	26	4	20	28	25	60	35	65	18.00	1.50	6.45	0.70	1.0	3.0 	5.0 	1.4 	1.2 	0.8 	50.0 	58.3 	87.5 	1.0 	2.0 	3.0 	1.1	
16	레스토랑	16. 레스토랑	10:00	24:00	14	299		15	299	15	200	0.8	1.00	0.00	1.0	21	26	4	20	28	25	60	35	65	18.00	1.50	8.10	0.60	0.7	4.0 	7.0 	1.6 	1.2 	0.8 	43.8 	58.3 	87.5 	1.0 	2.0 	3.0 	1.1	
17	주방 및 조리실	17. 주방 및 조리실	10:00	23:00	13	299		14	299	14	500	0.8	0.96	0.50	1.0	21	26	4	20	28	0	100	110	150	90.00	1.50	28.05	0.70	1.0	7.0 	6.0 	10.0 	10.0 	10.0 	8.0 	8.0 	8.0 	200.0 	300.0 	400.0 	0.0	
18	"화장실, 샤워실"	"18. 화장실, 샤워실"	7:00	18:00	11	249		12	249	12	200	0.8	1.00	0.90	1.0	21	26	4	20	28	0	100	0	0	15.00	5.00	8.00	0.70	1.0	0.0 	0.0 	0.0 	0.0 	0.0 	0.0 	0.0 	0.0 	0.0 	0.0 	0.0 	0.0	
19	그 외 체류공간	19. 그 외 체류공간	7:00	18:00	11	249		12	249	12	300	0.8	0.93	0.50	1.0	21	26	4	20	28	25	60	35	65	7.00	1.50	4.25	0.5	0.8	4.0 	4.0 	4.0 	3.0 	2.0 	17.5 	23.3 	35.0 	1.0 	2.0 	3.0 	0.0	
20	부속공간	20. 부속공간	7:00	18:00	11	249		12	249	12	100	0.8	1.00	0.90	1.0	21	27	4	20	29	0	100	0	0	0.20	0.2 	0.20	0.0 	1.0 	0.0 	0.0 	0.0 	0.0 	0.0 	0.0 	0.0 	0.0 	0.0 	0.0 	0.0 	0.0	
21	복도	21. 복도	7:00	18:00	11	249		12	249	12	100	0.2	1.00	0.80	1.0	21	27	4	20	29	0	100	0	0	0.20	0.2 	0.20	0.0 	1.0 	0.0 	0.0 	0.0 	0.0 	0.0 	0.0 	0.0 	0.0 	0.0 	0.0 	0.0 	0.0	
22	창고/설비/문서실	22. 창고/설비/문서실	7:00	18:00	11	249		12	249	12	100	0.8	1.00	0.98	2.0	21	27	4	20	29	0	100	0	0	0.20	0.2 	0.20	0.0 	1.0 	0.0 	0.0 	0.0 	0.0 	0.0 	0.0 	0.0 	0.0 	0.0 	0.0 	0.0 	0.0	
23	전산실	23. 전산실	0:00	24:00	24	365		24	365	17	500	0.8	0.96	0.50	1.0	21	24	4	20	26	0	100	35	65	1.30	1.30	1.30	0.0 	1.0 	6.0 	12.0 	40.0 	30.0 	20.0 	1.8 	2.3 	3.5 	50.0 	150.0 	500.0 	0.4	1
24	컴퓨터교육실	24. 컴퓨터교육실	9:00	18:00	9	249	1	10	249	10	300	0.8	0.97	0.50	1.0	21	26	4	20	28	0	100	35	65	10.00	1.50	4.90	0.6	1.0	6.0 	8.0 	4.6 	4.0 	3.7 	17.4 	20.0 	21.6 	56.5 	65.0 	70.3 	0.4	
25	힘든 작업실	25. 힘든 작업실	7:00	16:00	9	249		10	249	10	300	0.8	0.85	0.10	1.0	15	24	4	15	26	0	100	185	250	3.50	1.50	3.50	0.00	1.0	8.0 	8.0 	25.0 	20.0 	15.0 	4.8 	6.0 	8.0 	25.0 	35.0 	45.0 	1.8	3
26	다소 힘든 작업실	26. 다소 힘든 작업실	7:00	16:00	9	249		10	249	10	400	0.8	0.85	0.10	1.0	17	26	4	15	28	0	100	110	150	2.50	1.50	2.50	0.00	1.0	8.0 	8.0 	25.0 	20.0 	15.0 	4.8 	5.0 	6.7 	25.0 	35.0 	45.0 	1.8	3
27	일반 작업실	27. 일반 작업실	7:00	16:00	9	249		10	249	10	500	0.8	0.85	0.10	1.0	20	28	4	18	30	0	100	35	65	1.50	1.50	1.50	0.00	1.0	8.0 	8.0 	25.0 	20.0 	15.0 	3.2 	4.0 	5.3 	25.0 	35.0 	45.0 	1.8	3
28	객석	28. 객석	19:00	23:00	4	249		5	249	5	200	0.8	0.97	0.00	1.0	21	26	4	20	28	25	60	35	65	40.00	1.50	13.05	0.7	1.0	2.0 	0.0 	1.5 	0.8 	0.5 	47.0 	93.0 	140.0 	0.0 	0.0 	0.0 	0.0	
29	공연장 무대	29. 공연장 무대	13:00	23:00	10	249		11	249	11	1000	0.0	0.90	0.00	1.0	21	26	4	20	28	25	60	0	0	0.30	0.00	0.30	0.0 	1.0 	0.0 	0.0 	0.0 	0.0 	0.0 	0.0 	0.0 	0.0 	0.0 	0.0 	0.0 	0	
30	박람회 및 의회실	30. 박람회 및 의회실	9:00	18:00	9	150		10	150	10	300	0.8	0.93	0.50	1.0	21	26	4	20	28	25	60	35	65	7.00	1.50	3.15	0.7	1.0	6.0 	6.0 	6.0 	3.0 	2.0 	11.7 	23.3 	35.0 	1.0 	2.0 	3.0 	0.0	
31	전시실 및 박물관	31. 전시실 및 박물관	10:00	18:00	8	249		9	249	9	200	0.8	0.88	0.00	1.0	21	26	4	20	28	25	60	35	65	2.00	1.50	1.75	0.5	1.0	4.0 	0.0 	20.0 	10.0 	5.0 	3.5 	7.0 	14.0 	0.0 	0.0 	0.0 	0.0	
32	열람실(도서관)	32. 열람실(도서관)	8:00	20:00	12	299		13	299	13	500	0.8	0.88	0.00	1.0	21	26	4	20	28	25	60	35	65	8.00	1.50	4.75	0.5	1.0	6.0 	0.0 	5.0 	2.5 	1.5 	14.0 	28.0 	46.7 	0.0 	0.0 	0.0 	0.4	
33	체육관	33. 체육관	8:00	23:00	15	249		16	249	16	300	1.0	1.00	0.30	1.0	19	24	4	19	26	25	60	110	150	3.00	1.50	2.25	0.5	0.9	10.0 	0.0 	30.0 	20.0 	10.0 	4.2 	6.3 	12.5 	0.0 	0.0 	0.0 	1.5	
34	"주차장1 (사무실, 개인)"	"34. 주차장1 (사무실, 개인)"	7:00	18:00	11	249		12	249	12	75	0.2	1.00	0.95	1.0	21	27	4	20	29	0	100	0	0	8.00	0.2	8.00	0.0 	1.0 	0.0 	0.0 	0.0 	0.0 	0.0 	0.0 	0.0 	0.0 	0.0 	0.0 	0.0 	0	
35	주차장2 (공공)	35. 주차장2 (공공)	9:00	24:00	15	365		16	365	16	75	0.2	1.00	0.80	1.0	21	27	4	20	29	0	100	0	0	8.00	0.2	8.00	0.0 	1.0 	0.0 	0.0 	0.0 	0.0 	0.0 	0.0 	0.0 	0.0 	0.0 	0.0 	0.0 	0	
36	사우나 (15m2미만 욕조)	36. 사우나 (15m2미만 욕조)	10:00	22:00	12	299		13	299	13	200	0.0	1.00	0.00	1.0	24	28	4	23	30	25	60	35	65	15.00	1.5	8.25	0.5	0.9	10.0 	10.0 	18.0 	12.0 	6.0 	3.9 	5.8 	11.7 	40.0 	50.0 	60.0 	3.5	
37	피트니스 / 운동실	37. 피트니스 / 운동실	8:00	22:00	14	249		15	249	15	300	0.0	1.00	0.00	1.0	20	24	4	18	26	25	60	110	150	12.00	1.50	6.75	0.5	0.9	12.0 	12.0 	6.0 	5.0 	4.0 	18.3 	22.0 	27.5 	1.0 	2.0 	3.0 	2.3	
38	실험 및 연구실	38. 실험 및 연구실	7:00	18:00	11	249		12	249	12	500	1.0	0.92	0.30	1.0	22	26	4	20	28	25	60	35	65	25.00	1.50	13.25	0.50	0.5	6.0 	6.0 	18.0 	14.0 	10.0 	5.0 	6.4 	9.0 	6.0 	18.0 	63.0 	0.4	
39	"병영실, 대기실"	"39. 병영실, 대기실"	0:00	24:00	24	365		24	365	17	300	0.8	1.00	0.00	1.0	20	26	0	19	28	25	60	35	65	5.00	1.30	3.15	0.5	0.5	14.4 	14.4 	8.0 	6.6 	4.0 	10.0 	12.1 	20.0 	2.0 	4.0 	6.0 	1.8	
40	노인 주거실	40. 노인 주거실	0:00	24:00	24	365		24	365	17	300	0.8	1.00	0.00	1.0	22	26	0	20	28	25	60	35	65	3.00	1.30	2.66	0.2	0.5	14.4 	14.4 	17.0 	15.0 	13.0 	4.1 	4.7 	5.4 	6.0 	9.5 	13.0 	2.0	
41	의료 검사 및 치료실	41. 의료 검사 및 치료실	8:00	18:00	10	249		11	249	11	500	0.8	1.00	0.00	1.0	22	26	4	20	28	25	60	35	65	10.00	0.20	7.06	0.3	0.7	9.0 	5.0 	16.0 	12.0 	7.0 	4.4 	5.8 	10.0 	3.0 	5.0 	7.0 	0.0	
42	물류보관실	42. 물류보관실	0:00	24:00	24	365		24	365	17	150	0.0	1.00	0.60	1.8	12	28	0	12	30	25	60	0	0	1.00	0.20	1.00	0.0	1.0	0.0 	0.0 	0.0 	0.0 	0.0 	0.0 	0.0 	0.0 	0.0 	0.0 	0.0 	0.0	
43	수영장	43. 수영장	7:00	20:00	13	249		14	249	14	500	0.6	1.00	0.30	1.0	24	28	4	22	30	0	100	35	65	10.00	1.50	5.75	0.5	0.9	10.0 	0.0 	30.0 	20.0 	10.0 	4.2 	6.3 	12.5 	0.0 	0.0 	0.0 	2.1	
44	세탁실	44. 세탁실	7:00	18:00	11	249		12	249	12	150	0.4	1.00	0.50	1.0	21	26	4	20	28	0	100	0	0	0.20	0.20	0.20	0.0 	1.0 	0.0 	0.0 	0.0 	0.0 	0.0 	0.0 	0.0 	0.0 	0.0 	0.0 	0.0 	20.0	2
