지역코드	지역명	방향	각도	1월	2월	3월	4월	5월	6월	7월	8월	9월	10월	11월	12월	연간합
01	춘천	수평	0˚	100.74	119.30	193.53	176.69	223.50	214.39	186.05	163.31	161.86	139.49	99.61	80.55	1359
01	춘천	남	30˚	170.25	177.14	244.97	194.06	224.36	209.10	187.77	177.28	189.86	192.93	160.51	144.34	1660.0
01	춘천	남	45˚	191.36	191.84	250.52	187.45	207.30	190.82	174.34	170.45	189.03	204.31	178.01	164.79	1679.7
01	춘천	남	60˚	201.22	195.46	241.82	171.07	180.06	163.78	152.75	154.89	178.14	204.13	185.09	175.47	1608.9
01	춘천	남	90˚	185.30	169.22	184.94	113.60	104.14	93.26	92.21	102.25	129.76	169.96	166.76	165.37	1223.2
01	춘천	남동	30˚	150.42	162.95	227.01	190.60	226.78	210.62	190.35	169.49	187.77	183.21	143.75	126.26	1584.6
01	춘천	남동	45˚	163.78	172.63	226.99	184.24	213.32	195.00	179.27	161.15	186.78	191.17	154.38	139.25	1583.2
01	춘천	남동	60˚	167.88	172.85	216.69	170.60	191.39	172.20	161.23	146.98	176.95	189.14	156.44	144.63	1509.2
01	춘천	남동	90˚	147.84	146.19	167.25	125.11	131.14	115.72	111.84	105.00	134.06	156.74	135.50	130.59	1172.8
01	춘천	남서	30˚	146.51	155.21	226.01	186.02	215.75	206.46	181.92	175.03	173.01	169.28	137.54	123.11	1531.3
01	춘천	남서	45˚	157.80	161.37	225.50	178.16	198.49	190.12	169.16	168.66	166.79	172.49	146.20	135.05	1512.0
01	춘천	남서	60˚	160.66	159.46	215.15	163.62	175.19	167.40	150.74	155.18	154.16	167.08	146.61	139.42	1427.6
01	춘천	남서	90˚	139.91	131.79	166.09	118.24	117.94	112.09	103.88	111.84	112.42	133.77	124.38	124.33	1092.8
01	춘천	동	30˚	102.30	122.91	183.85	173.83	217.88	206.78	185.48	154.27	166.17	146.56	100.08	83.59	1347.3
01	춘천	동	45˚	100.32	120.03	173.19	164.40	203.30	191.38	174.12	142.99	158.96	143.55	97.02	82.89	1280.3
01	춘천	동	60˚	95.79	114.24	159.73	151.23	183.65	171.37	157.83	129.06	146.89	136.11	92.12	80.48	1182.4
01	춘천	동	90˚	81.21	94.69	125.06	116.45	135.82	126.31	118.66	96.87	113.07	110.46	75.72	69.15	922.8
01	춘천	서	30˚	97.56	113.32	182.75	167.27	202.01	200.73	173.75	162.04	146.71	128.59	93.09	79.99	1277.6
01	춘천	서	45˚	94.08	108.14	172.13	155.91	182.91	184.15	159.85	152.66	134.58	121.04	88.40	78.43	1193.1
01	춘천	서	60˚	89.59	101.23	158.46	141.70	161.65	163.80	142.98	139.15	120.81	112.41	82.02	75.07	1088.2
01	춘천	서	90˚	74.37	82.12	123.78	107.87	118.20	119.06	105.21	105.23	90.74	91.10	67.06	64.47	839.9
01	춘천	북서	30˚	51.14	71.13	132.93	145.11	187.30	192.35	165.13	143.61	121.38	88.35	51.02	38.81	1015.5
01	춘천	북서	45˚	39.80	55.86	105.71	123.20	157.98	168.22	143.95	125.48	99.82	70.98	38.74	31.20	849.4
01	춘천	북서	60˚	36.09	48.69	87.19	103.99	129.85	141.51	121.75	107.12	83.79	62.00	34.26	29.64	721.3
01	춘천	북서	90˚	35.11	44.09	68.79	78.87	92.57	99.28	87.46	79.91	65.26	54.46	32.96	30.37	562.4
01	춘천	북동	30˚	52.88	76.72	133.61	150.14	199.44	197.41	174.50	137.86	135.43	100.14	54.64	40.53	1062.8
01	춘천	북동	45˚	41.48	61.68	106.06	129.75	174.08	174.81	156.18	118.12	116.27	82.65	41.87	32.40	903.6
01	춘천	북동	60˚	37.53	53.83	87.55	110.87	146.98	148.49	134.43	99.81	99.31	71.17	36.70	30.32	773.0
01	춘천	북동	90˚	36.70	47.48	69.45	84.12	104.28	105.89	98.52	74.93	75.20	58.86	34.09	30.72	599.7
01	춘천	북	30˚	27.80	48.41	107.07	137.21	187.32	192.23	166.48	133.43	114.89	69.10	29.24	21.76	904.0
01	춘천	북	45˚	27.97	32.93	57.49	106.77	154.28	166.15	143.77	108.24	82.95	42.76	25.84	23.72	712.3
01	춘천	북	60˚	29.85	34.84	41.32	72.21	114.05	132.23	114.33	78.36	58.32	43.32	27.57	25.55	564.9
01	춘천	북	90˚	32.82	37.41	46.98	56.76	67.21	77.26	71.18	58.40	54.79	44.67	30.40	28.31	443.1
02	강릉	수평	0˚	93.78	126.92	163.65	192.13	216.88	219.61	181.51	158.16	170.37	136.97	94.24	90.65	1347.2
02	강릉	남	30˚	159.77	187.94	207.99	212.39	216.69	212.19	182.17	170.38	204.22	192.58	148.29	162.79	1647.3
02	강릉	남	45˚	179.91	203.26	213.31	205.44	199.72	192.40	168.78	163.28	204.69	204.61	163.50	185.74	1666.8
02	강릉	남	60˚	189.43	206.81	206.64	187.60	173.02	163.74	147.45	148.01	193.89	204.79	169.27	197.64	1596.1
02	강릉	남	90˚	174.79	178.48	159.95	124.17	99.32	90.79	88.56	97.09	142.16	170.34	151.55	185.87	1212.3
02	강릉	남동	30˚	137.45	167.99	192.96	201.00	211.97	211.20	178.70	162.40	190.92	171.85	131.53	137.04	1529.0
02	강릉	남동	45˚	148.70	175.80	193.29	192.18	196.45	194.32	166.26	154.26	187.85	176.39	140.05	149.32	1513.9
02	강릉	남동	60˚	151.87	174.50	185.19	176.12	174.21	170.97	148.71	140.55	176.66	171.66	140.74	153.46	1433.2
02	강릉	남동	90˚	132.67	145.38	143.85	126.50	118.49	114.84	104.28	100.80	133.26	138.47	120.86	136.26	1105.3
02	강릉	남서	30˚	139.83	168.58	192.89	208.02	215.99	213.72	183.05	171.03	194.02	175.97	130.42	142.38	1559.1
02	강릉	남서	45˚	151.79	176.30	193.04	201.34	201.60	197.52	172.25	165.60	191.68	182.37	138.84	157.20	1554.2
02	강릉	남서	60˚	155.61	175.31	184.87	186.37	179.80	174.60	155.14	153.33	180.53	178.72	139.48	162.95	1478.9
02	강릉	남서	90˚	136.91	146.09	143.72	135.78	123.11	117.86	108.81	112.10	136.56	145.50	119.08	146.28	1146.7
02	강릉	동	30˚	91.13	123.43	157.33	177.48	201.09	206.65	172.22	148.70	161.95	129.27	93.19	85.94	1276.6
02	강릉	동	45˚	88.07	118.75	148.92	164.05	184.34	190.38	159.63	137.90	152.37	122.41	90.43	82.82	1197.3
02	강릉	동	60˚	83.59	112.33	137.86	148.26	164.75	170.53	144.53	124.79	139.77	113.65	85.67	79.21	1098.5
02	강릉	동	90˚	70.15	92.11	108.40	112.68	122.48	126.54	109.48	95.16	107.75	91.31	70.14	67.05	856.3
02	강릉	서	30˚	93.51	124.52	157.32	186.66	206.06	210.29	178.16	160.51	165.70	134.15	92.00	92.23	1315.3
02	강릉	서	45˚	91.16	119.97	148.94	175.83	190.77	195.07	167.24	153.16	156.34	128.24	88.51	90.90	1245.9
02	강릉	서	60˚	87.41	113.19	137.85	160.77	171.88	175.44	152.13	141.21	143.94	120.03	83.10	87.20	1149.5
02	강릉	서	90˚	73.41	92.20	108.46	122.47	127.31	130.36	115.24	108.67	112.39	97.50	69.04	74.69	899.3
02	강릉	북서	30˚	47.36	77.52	116.39	156.74	189.60	200.83	167.90	142.71	131.50	87.32	53.09	41.84	1032.5
02	강릉	북서	45˚	36.32	60.98	94.62	132.47	164.02	177.21	149.78	126.64	109.49	68.38	42.02	31.47	872.4
02	강릉	북서	60˚	32.70	52.58	79.80	110.85	137.81	150.65	129.31	109.53	92.67	57.67	37.49	28.87	745.6
02	강릉	북서	90˚	32.30	46.39	63.81	82.49	97.73	107.53	94.82	82.81	72.67	48.64	34.56	29.87	580.0
02	강릉	북동	30˚	46.29	76.89	116.33	150.04	186.19	198.12	163.75	133.77	128.99	84.29	54.09	39.51	1007.1
02	강릉	북동	45˚	35.60	60.79	94.40	124.29	159.20	173.57	144.02	115.18	107.10	65.40	42.51	29.94	842.0
02	강릉	북동	60˚	32.08	52.68	79.61	103.02	132.77	146.62	123.59	98.10	90.11	54.89	37.32	27.54	715.0
02	강릉	북동	90˚	31.91	46.97	63.59	77.94	95.52	105.16	91.21	75.01	69.40	46.92	34.33	29.08	560.4
02	강릉	북	30˚	23.77	50.22	94.80	140.34	182.18	197.02	162.65	131.32	113.88	60.16	32.06	19.43	883.4
02	강릉	북	45˚	23.82	32.60	54.80	103.33	150.32	169.93	140.67	107.76	76.92	31.03	27.93	21.42	688.3
02	강릉	북	60˚	25.90	34.87	43.84	63.24	111.46	134.54	112.13	79.42	51.83	32.47	29.13	23.58	543.2
02	강릉	북	90˚	29.57	38.40	46.70	52.15	65.13	76.64	69.43	58.15	51.84	37.12	30.59	27.76	426.3
03	서울	수평	0˚	95.69	125.25	158.88	157.15	209.28	211.73	145.75	141.46	142.19	142.29	89.01	76.12	1237.5
03	서울	남	30˚	157.74	179.60	198.05	174.05	210.01	204.43	148.98	153.54	166.24	194.86	136.40	129.87	1498.7
03	서울	남	45˚	176.02	192.37	201.65	168.80	194.32	185.52	139.37	147.99	165.45	205.59	149.32	146.37	1512.2
03	서울	남	60˚	183.94	194.14	194.02	154.73	169.31	158.15	123.19	135.15	156.02	204.71	153.71	154.30	1445.2
03	서울	남	90˚	167.26	164.97	147.87	104.36	99.65	88.63	76.82	91.22	114.13	169.19	136.29	142.87	1095.9
03	서울	남동	30˚	135.68	160.75	180.79	170.22	206.40	204.23	149.51	148.33	159.98	175.87	122.71	111.58	1405.6
03	서울	남동	45˚	144.97	166.61	178.53	164.48	191.84	188.22	141.38	142.42	157.69	179.47	130.01	120.57	1390.8
03	서울	남동	60˚	146.01	163.49	168.16	151.85	170.76	166.17	127.59	131.44	148.94	174.46	130.36	122.95	1314.7
03	서울	남동	90˚	123.97	133.15	126.67	110.31	116.78	112.39	89.97	97.01	113.57	140.03	110.54	107.13	1007.5
03	서울	남서	30˚	139.11	161.92	186.61	165.36	207.75	205.23	145.60	152.72	157.42	179.13	119.64	113.93	1412.0
03	서울	남서	45˚	149.68	167.81	186.29	158.09	193.52	189.53	136.43	148.13	154.32	184.28	126.06	123.92	1399.9
03	서울	남서	60˚	151.79	164.82	177.14	144.97	172.69	167.39	122.27	137.31	145.08	179.95	125.60	126.99	1325.2
03	서울	남서	90˚	130.63	134.11	135.36	104.10	118.19	113.09	85.64	101.88	109.62	145.35	105.21	111.65	1017.7
03	서울	동	30˚	88.17	119.43	146.59	154.61	196.31	200.74	145.28	137.17	140.65	135.94	88.58	72.73	1187.3
03	서울	동	45˚	81.77	112.57	135.63	145.21	180.43	185.66	136.59	129.78	134.07	128.95	85.17	69.09	1113.2
03	서울	동	60˚	73.99	103.77	122.97	132.37	161.32	166.82	124.19	119.51	124.38	119.61	80.08	64.50	1017.2
03	서울	동	90˚	58.50	82.02	93.19	100.28	118.79	124.05	93.53	92.55	97.39	94.66	64.38	52.30	782.1
03	서울	서	30˚	92.19	120.58	153.97	148.04	197.98	201.82	139.83	143.22	137.43	139.82	85.32	75.52	1194.5
03	서울	서	45˚	86.70	113.98	144.69	137.30	182.58	186.88	129.66	136.52	130.03	133.46	80.99	72.58	1121.3
03	서울	서	60˚	80.40	105.32	132.32	123.95	163.57	167.94	116.66	126.44	119.98	124.70	75.01	68.09	1025.6
03	서울	서	90˚	63.35	83.11	101.89	92.77	120.35	124.83	87.64	99.60	93.60	99.58	60.18	55.62	790.5
03	서울	북서	30˚	46.54	77.03	115.80	129.35	183.56	193.41	133.44	128.55	113.92	96.08	52.10	38.08	955.8
03	서울	북서	45˚	33.40	59.56	93.56	109.81	159.01	170.77	118.27	114.70	97.55	77.68	41.48	29.56	808.0
03	서울	북서	60˚	29.22	50.41	77.61	92.38	133.73	145.25	101.29	100.69	84.42	66.39	36.99	27.10	691.2
03	서울	북서	90˚	29.14	43.31	59.96	69.12	95.17	104.05	74.62	78.45	66.28	55.22	33.42	26.84	537.6
03	서울	북동	30˚	44.40	76.40	110.74	134.21	182.41	192.72	137.57	123.91	116.20	93.57	53.76	36.96	951.9
03	서울	북동	45˚	31.99	58.88	87.95	115.58	157.44	169.88	123.86	109.46	100.14	74.92	42.93	28.79	805.2
03	서울	북동	60˚	28.25	49.65	72.38	98.10	132.09	144.56	107.41	95.41	86.90	63.78	38.09	26.66	689.4
03	서울	북동	90˚	28.94	42.73	56.35	73.53	94.37	103.65	78.62	73.37	67.69	53.59	34.03	26.66	536.0
03	서울	북	30˚	23.88	52.96	95.03	123.31	177.82	190.83	133.05	120.21	103.15	70.85	34.67	21.76	839.1
03	서울	북	45˚	23.38	33.95	56.97	96.94	148.32	165.32	116.58	100.56	76.17	42.92	30.61	23.16	669.4
03	서울	북	60˚	25.14	35.22	43.33	66.93	112.11	131.86	94.72	76.55	55.30	43.17	31.38	24.40	541.3
03	서울	북	90˚	28.30	36.84	44.83	53.62	67.53	76.06	60.99	57.93	51.04	44.33	31.43	26.01	423.0
04	인천	수평	0˚	110.18	127.65	137.54	195.91	227.54	205.59	141.19	163.81	158.59	137.63	91.85	81.61	1298.8
04	인천	남	30˚	188.43	184.09	170.32	214.52	225.43	199.12	141.80	174.27	188.64	183.23	142.43	144.33	1573.4
04	인천	남	45˚	212.34	197.64	173.19	206.95	207.05	181.33	131.53	166.06	188.60	191.54	156.50	164.15	1587.8
04	인천	남	60˚	223.68	199.94	166.57	188.67	178.76	155.40	115.18	149.74	178.30	189.21	161.63	174.29	1517.7
04	인천	남	90˚	206.48	170.93	127.30	125.11	101.71	89.19	69.89	97.00	130.23	153.97	144.30	163.44	1151.1
04	인천	남동	30˚	163.30	165.89	155.01	208.76	226.01	200.01	144.88	176.87	182.11	168.52	128.18	124.69	1491.7
04	인천	남동	45˚	177.54	172.91	152.99	200.69	210.47	185.20	137.29	171.01	180.53	171.39	136.44	136.55	1483.2
04	인천	남동	60˚	181.61	170.56	144.20	184.57	187.50	164.25	124.02	157.84	171.25	166.10	137.50	141.00	1408.2
04	인천	남동	90˚	159.38	140.78	109.61	133.07	127.43	111.92	86.88	114.75	130.78	132.30	117.86	125.85	1087.0
04	인천	남서	30˚	162.80	164.82	164.05	205.93	220.10	199.11	137.90	164.51	175.01	167.72	124.61	124.18	1467.2
04	인천	남서	45˚	176.16	170.95	165.20	196.62	202.86	184.06	128.18	154.92	170.88	170.52	131.89	135.83	1450.4
04	인천	남서	60˚	179.84	168.11	158.44	179.56	179.28	162.78	114.24	139.84	160.15	164.93	132.06	140.12	1370.9
04	인천	남서	90˚	158.02	137.93	123.71	128.04	120.68	110.28	79.36	99.06	120.13	130.92	111.81	124.84	1053.7
04	인천	동	30˚	108.24	124.25	127.83	188.35	217.14	197.24	142.54	167.39	157.68	133.78	92.73	81.82	1269.6
04	인천	동	45˚	105.26	118.81	119.46	176.06	200.99	183.40	135.10	159.97	150.53	127.12	90.24	80.30	1202.6
04	인천	동	60˚	99.88	111.00	109.55	159.96	180.60	165.31	123.46	147.77	139.74	117.88	85.94	77.24	1108.4
04	인천	동	90˚	84.66	89.75	85.35	119.97	133.33	122.82	93.51	112.59	109.18	93.01	70.65	65.72	861.7
04	인천	서	30˚	106.87	122.69	139.36	184.17	208.80	195.60	132.51	150.64	148.33	132.62	89.01	81.10	1235.0
04	인천	서	45˚	103.68	116.80	133.71	170.01	190.43	181.08	122.30	138.14	138.67	125.57	85.47	79.38	1157.2
04	인천	서	60˚	99.29	108.84	124.56	153.25	169.20	162.64	109.92	123.93	127.04	116.41	80.31	76.25	1059.6
04	인천	서	90˚	83.48	87.35	98.62	115.81	123.86	120.52	82.49	94.12	98.81	91.63	65.96	64.99	823.0
04	인천	북서	30˚	52.68	78.58	107.58	158.56	194.04	188.05	126.73	136.91	118.98	94.58	54.12	39.50	986.5
04	인천	북서	45˚	39.34	61.86	90.68	132.86	165.37	166.53	111.25	116.72	98.38	76.87	43.93	31.11	829.3
04	인천	북서	60˚	34.99	53.00	77.77	110.86	137.17	142.03	94.82	98.61	83.22	65.51	39.49	28.64	706.0
04	인천	북서	90˚	34.85	45.49	60.84	83.17	97.14	102.20	69.97	75.21	65.67	53.48	35.79	28.97	549.9
04	인천	북동	30˚	53.06	79.63	99.69	161.36	200.51	189.54	134.35	149.56	125.57	95.24	56.06	39.90	1011.5
04	인천	북동	45˚	39.72	62.92	82.17	136.98	173.91	168.50	121.67	133.34	106.26	77.54	45.52	31.30	862.3
04	인천	북동	60˚	35.11	53.86	70.09	114.88	146.24	144.47	105.93	115.61	90.63	66.19	40.71	28.78	740.0
04	인천	북동	90˚	35.16	46.04	56.17	84.03	103.79	103.81	78.03	85.65	69.68	54.06	36.38	28.98	571.3
04	인천	북	30˚	24.69	53.95	88.12	148.05	191.60	186.75	128.25	136.64	106.93	73.82	35.38	20.96	873.8
04	인천	북	45˚	24.34	36.04	57.52	112.70	158.47	162.88	111.86	112.61	73.01	45.66	31.76	22.67	694.7
04	인천	북	60˚	26.71	37.23	45.19	73.73	118.04	131.31	90.20	83.64	49.28	44.40	32.66	24.35	553.5
04	인천	북	90˚	31.55	38.56	45.05	58.70	68.34	77.74	57.00	59.57	48.52	43.90	32.93	27.15	430.2
05	원주	수평	0˚	102.52	124.04	162.50	200.36	217.94	224.37	161.45	156.26	155.77	139.87	92.44	81.36	1328.2
05	원주	남	30˚	172.57	180.87	203.90	218.87	219.40	217.40	164.51	168.08	183.95	188.76	142.55	141.31	1607.1
05	원주	남	45˚	193.72	194.69	208.05	210.93	202.89	197.41	153.82	161.23	183.58	198.19	156.37	159.96	1620.3
05	원주	남	60˚	203.46	197.31	200.53	192.13	176.34	168.14	135.91	146.40	173.37	196.51	161.26	169.19	1546.8
05	원주	남	90˚	186.91	168.95	153.31	127.15	102.07	93.10	84.78	97.00	126.73	161.02	143.54	157.54	1168.0
05	원주	남동	30˚	148.06	161.50	190.37	212.37	215.29	215.85	165.23	165.31	176.86	172.46	124.45	119.65	1509.0
05	원주	남동	45˚	159.49	168.25	189.88	203.79	200.13	197.85	156.16	158.50	174.70	175.84	130.94	129.37	1492.3
05	원주	남동	60˚	162.09	166.16	180.65	187.22	177.67	173.19	141.10	145.55	164.80	170.43	130.47	132.17	1409.3
05	원주	남동	90˚	140.33	137.13	138.37	134.80	120.22	114.84	99.89	105.56	124.79	136.11	110.16	115.78	1078.1
05	원주	남서	30˚	152.06	162.90	188.17	211.09	216.99	217.57	161.84	163.51	172.40	172.39	129.07	124.90	1513.0
05	원주	남서	45˚	164.74	169.68	186.99	201.80	201.90	200.22	152.01	156.28	168.75	175.95	137.85	136.93	1498.3
05	원주	남서	60˚	168.46	167.77	177.51	185.00	179.72	175.89	136.74	143.14	158.17	170.34	138.97	141.17	1417.6
05	원주	남서	90˚	147.72	138.48	135.23	132.67	121.94	116.82	96.23	103.34	118.77	135.51	119.17	125.51	1087.9
05	원주	동	30˚	98.22	119.59	156.10	191.88	204.23	210.54	161.26	154.10	153.85	135.16	88.86	77.27	1278.7
05	원주	동	45˚	94.42	114.22	146.77	178.97	187.31	192.56	151.95	145.12	145.98	128.26	85.50	73.83	1201.1
05	원주	동	60˚	88.99	107.10	134.81	162.40	166.82	170.86	138.38	132.67	134.79	118.75	80.54	69.61	1099.4
05	원주	동	90˚	74.21	86.77	103.96	122.22	122.16	124.14	105.04	101.29	105.43	93.55	65.53	57.23	847.9
05	원주	서	30˚	102.37	121.05	153.44	189.96	206.30	213.09	156.54	151.73	148.09	134.47	94.74	82.88	1281.3
05	원주	서	45˚	99.54	116.16	143.43	176.78	189.99	195.99	146.09	142.21	139.03	126.97	92.35	80.93	1204.4
05	원주	서	60˚	95.33	109.06	130.78	159.99	169.87	174.49	132.19	129.57	127.37	117.61	87.51	77.03	1103.0
05	원주	서	90˚	79.54	88.17	100.19	120.13	124.76	126.96	99.67	98.38	97.95	93.48	72.56	64.71	851.5
05	원주	북서	30˚	52.82	76.60	114.97	164.24	190.77	203.90	149.66	137.19	120.62	93.94	57.71	40.69	1025.3
05	원주	북서	45˚	40.59	60.23	92.15	139.02	164.50	179.04	133.70	120.26	101.18	75.56	47.11	31.67	866.1
05	원주	북서	60˚	36.13	51.58	76.17	116.49	137.46	150.70	115.45	103.48	85.91	64.48	42.07	29.14	737.5
05	원주	북서	90˚	34.86	44.85	59.63	86.90	97.33	105.23	85.39	77.99	66.46	52.99	37.27	29.06	568.5
05	원주	북동	30˚	50.95	75.72	116.89	165.45	189.01	201.96	153.33	139.07	124.94	94.45	55.01	38.70	1027.1
05	원주	북동	45˚	39.21	59.46	94.32	140.53	162.21	176.37	138.61	122.54	106.09	75.99	44.69	30.03	869.9
05	원주	북동	60˚	35.10	50.89	78.41	118.01	134.86	147.77	120.64	105.73	91.03	64.25	40.08	27.68	741.6
05	원주	북동	90˚	34.70	44.23	61.82	87.72	95.38	103.23	89.33	79.89	71.02	52.49	36.34	28.21	573.2
05	원주	북	30˚	27.08	50.92	96.35	153.17	184.22	200.23	148.98	131.88	108.94	72.00	36.83	21.71	901.2
05	원주	북	45˚	26.95	32.57	57.02	117.79	152.65	172.34	131.39	109.77	77.44	43.44	32.64	23.39	715.2
05	원주	북	60˚	28.98	34.39	43.46	78.39	113.93	136.21	107.66	82.92	54.19	43.13	33.47	24.99	571.9
05	원주	북	90˚	32.41	37.05	45.72	61.49	67.11	76.70	69.64	60.92	51.73	43.54	33.45	27.42	443.7
06	청주	수평	0˚	87.47	120.26	151.67	198.26	221.57	217.83	174.81	164.90	160.20	140.44	111.04	89.02	1341.9
06	청주	남	30˚	139.44	168.36	187.13	215.52	221.79	211.05	174.65	175.87	185.85	187.28	171.09	149.09	1596.3
06	청주	남	45˚	154.41	179.15	189.85	207.27	204.68	191.81	161.73	167.91	184.06	195.75	187.46	167.29	1599.0
06	청주	남	60˚	160.51	179.91	182.09	188.33	177.51	163.59	141.30	151.61	172.50	193.24	193.01	175.75	1516.9
06	청주	남	90˚	145.03	151.83	137.90	123.75	101.98	91.41	85.47	98.98	123.65	156.72	170.92	161.84	1129.6
06	청주	남동	30˚	123.01	150.23	172.02	209.23	219.53	213.35	173.63	174.54	175.25	168.98	149.47	127.75	1501.7
06	청주	남동	45˚	131.57	154.31	169.79	200.30	204.11	197.01	162.33	167.18	169.80	170.74	157.07	137.17	1475.4
06	청주	남동	60˚	132.94	150.45	160.09	183.50	181.13	173.57	145.40	153.10	157.04	164.28	156.24	139.33	1384.5
06	청주	남동	90˚	114.21	121.49	120.86	131.32	121.79	115.93	101.86	110.44	113.72	129.16	130.71	120.74	1045.0
06	청주	남서	30˚	122.84	155.67	177.58	207.83	218.36	207.61	174.92	169.11	178.04	173.81	153.21	131.49	1511.3
06	청주	남서	45˚	130.97	161.64	177.06	198.20	202.01	189.65	164.06	160.51	173.57	177.46	162.67	142.57	1489.0
06	청주	남서	60˚	132.18	159.26	168.51	181.08	178.65	165.66	147.13	146.15	161.09	171.94	163.08	145.77	1401.3
06	청주	남서	90˚	113.72	130.89	129.47	129.14	120.01	110.22	103.09	104.33	117.59	136.70	138.01	127.72	1065.6
06	청주	동	30˚	86.73	114.38	142.03	189.45	209.38	210.09	169.14	163.58	151.54	132.37	104.50	84.48	1283.7
06	청주	동	45˚	83.76	108.06	132.27	176.37	192.43	194.25	157.94	154.09	139.67	124.33	98.84	80.29	1199.5
06	청주	동	60˚	78.89	100.31	120.51	159.56	171.33	173.62	143.13	140.92	125.27	114.03	91.73	75.33	1091.6
06	청주	동	90˚	65.20	80.17	92.53	119.46	124.46	126.46	108.19	107.14	92.62	88.34	72.99	61.12	831.5
06	청주	서	30˚	86.09	121.55	148.94	187.37	207.46	202.04	170.93	156.43	155.33	137.80	109.37	88.69	1293.9
06	청주	서	45˚	83.24	117.30	141.20	173.72	189.69	183.97	160.00	145.42	144.39	130.83	104.77	85.76	1212.3
06	청주	서	60˚	78.99	110.00	130.31	156.89	168.54	162.70	145.33	131.37	130.47	121.42	97.64	80.79	1105.7
06	청주	서	90˚	64.68	87.76	101.24	117.25	123.10	117.89	109.92	98.54	97.17	95.99	79.04	66.46	846.1
06	청주	북서	30˚	50.23	83.12	114.66	162.68	192.83	195.15	162.93	142.09	129.29	97.46	63.71	45.88	1052.2
06	청주	북서	45˚	40.29	68.12	94.98	137.50	165.61	170.10	145.97	123.32	108.12	78.69	48.98	35.42	889.5
06	청주	북서	60˚	36.36	58.94	80.16	114.98	137.57	142.31	126.29	104.89	90.45	66.84	42.38	31.64	754.8
06	청주	북서	90˚	33.56	49.39	62.21	84.93	96.95	99.34	92.86	78.12	67.84	54.50	38.14	30.46	576.0
06	청주	북동	30˚	50.54	78.61	109.76	164.02	193.93	201.19	161.65	147.75	126.50	94.04	61.14	44.28	1047.5
06	청주	북동	45˚	40.88	63.84	88.94	139.30	167.39	178.37	144.29	130.25	104.71	75.14	46.56	34.22	887.3
06	청주	북동	60˚	36.78	55.86	74.42	116.62	139.37	151.32	124.66	112.27	87.18	63.04	40.40	30.91	754.9
06	청주	북동	90˚	33.82	48.05	58.51	85.89	97.09	105.75	91.64	84.17	65.27	51.22	36.88	29.87	575.9
06	청주	북	30˚	31.36	60.09	95.51	152.12	187.81	195.81	159.78	138.75	116.41	74.56	38.25	25.34	932.8
06	청주	북	45˚	29.82	42.00	60.87	117.37	156.00	169.49	140.03	115.20	85.83	44.75	31.16	26.30	745.3
06	청주	북	60˚	30.85	42.83	45.58	78.29	116.92	135.14	113.75	86.65	58.96	43.05	32.36	27.35	593.5
06	청주	북	90˚	31.51	42.26	46.25	60.36	68.21	76.52	71.01	61.87	54.22	43.49	33.95	28.80	451.7
07	대전	수평	0˚	105.44	117.46	161.71	217.96	208.28	212.97	165.21	167.68	182.08	148.56	108.63	93.81	1380.2
07	대전	남	30˚	175.64	170.39	199.28	237.17	207.96	205.79	166.53	177.47	212.42	198.61	167.91	160.39	1664.0
07	대전	남	45˚	196.55	183.06	201.97	227.76	191.87	186.97	154.88	168.95	210.57	207.80	184.12	180.78	1675.1
07	대전	남	60˚	205.85	185.17	193.45	206.32	166.40	159.54	135.97	152.10	197.29	205.34	189.69	190.50	1596.2
07	대전	남	90˚	187.95	157.85	145.79	133.46	95.92	90.05	83.11	98.39	140.64	166.92	168.14	176.06	1199.2
07	대전	남동	30˚	150.50	152.18	183.98	227.04	208.13	206.52	165.47	172.13	203.59	182.37	147.21	139.91	1561.7
07	대전	남동	45˚	161.65	158.15	181.89	215.90	194.25	190.67	154.73	163.19	199.43	185.71	155.05	151.85	1542.0
07	대전	남동	60˚	163.83	155.65	171.85	196.88	173.29	168.46	138.14	148.41	186.91	179.94	154.56	155.48	1454.9
07	대전	남동	90˚	141.14	127.45	130.57	140.18	118.47	114.43	95.97	107.43	139.31	143.49	130.00	136.48	1112.8
07	대전	남서	30˚	155.15	153.58	188.19	231.51	203.98	206.83	165.39	177.01	199.89	181.16	150.32	137.85	1570.3
07	대전	남서	45˚	167.59	159.74	187.61	222.08	188.68	191.28	155.04	170.33	194.42	184.33	159.83	149.07	1554.8
07	대전	남서	60˚	170.87	157.54	178.46	203.90	167.12	169.41	138.95	157.06	181.05	178.30	160.45	152.04	1470.8
07	대전	남서	90˚	149.42	129.65	136.95	146.21	113.35	114.96	96.49	114.81	133.44	141.66	136.25	132.26	1127.7
07	대전	동	30˚	100.46	112.66	151.79	203.00	200.22	203.93	160.58	160.22	176.60	143.82	104.01	92.25	1321.7
07	대전	동	45˚	96.23	106.94	142.02	187.57	185.65	189.18	149.27	149.53	166.27	136.47	99.27	88.51	1239.4
07	대전	동	60˚	90.32	99.69	130.11	169.38	166.98	170.15	134.46	136.72	152.25	126.40	92.95	83.68	1134.3
07	대전	동	90˚	75.47	80.60	100.77	127.64	124.00	127.06	100.63	105.97	116.16	100.35	75.18	68.80	878.2
07	대전	서	30˚	105.17	114.53	157.29	209.09	194.09	204.27	160.48	167.57	171.95	142.43	108.02	89.60	1332.5
07	대전	서	45˚	102.53	109.59	148.89	195.33	177.78	189.86	149.54	159.59	160.34	134.98	104.10	85.57	1254.8
07	대전	서	60˚	98.22	102.40	137.31	177.40	158.56	171.16	134.85	147.30	145.83	125.18	97.82	80.25	1151.2
07	대전	서	90˚	81.83	82.08	107.27	133.77	116.81	126.83	100.01	113.55	111.10	98.56	80.13	65.94	889.4
07	대전	북서	30˚	54.44	72.66	119.74	178.65	181.13	196.69	152.88	151.29	139.90	100.27	63.65	44.21	1063.8
07	대전	북서	45˚	41.01	56.50	98.22	150.82	156.02	174.91	136.37	134.94	115.87	80.60	49.75	33.09	897.8
07	대전	북서	60˚	35.96	47.63	82.47	125.56	130.37	149.68	117.24	117.48	96.90	67.89	43.50	29.64	763.6
07	대전	북서	90˚	34.67	41.29	64.07	92.11	92.80	107.00	84.36	88.03	74.44	55.55	39.41	30.27	587.7
07	대전	북동	30˚	51.98	71.55	115.81	174.11	185.98	196.67	153.22	146.11	143.16	100.67	61.75	45.42	1057.2
07	대전	북동	45˚	39.14	55.63	93.62	145.26	162.27	174.73	136.73	127.57	119.67	80.72	48.27	34.01	890.2
07	대전	북동	60˚	34.55	47.35	78.06	120.57	136.95	149.35	117.50	110.31	100.14	68.55	42.34	30.20	757.4
07	대전	북동	90˚	33.97	41.40	61.26	89.45	97.86	107.86	85.76	84.69	75.73	56.25	38.65	30.09	586.9
07	대전	북	30˚	26.67	48.75	98.78	163.01	178.59	194.83	150.44	142.23	125.73	76.72	38.88	22.53	926.7
07	대전	북	45˚	24.76	29.73	60.48	122.58	149.56	170.32	131.69	118.74	87.91	44.68	31.83	23.82	729.0
07	대전	북	60˚	26.93	31.60	43.38	77.35	113.51	137.53	106.90	90.02	55.78	43.39	33.30	25.58	574.7
07	대전	북	90˚	31.03	34.52	45.24	59.33	66.82	79.78	67.31	63.38	53.96	44.34	35.07	28.71	445.5
08	대구	수평	0˚	114.68	117.55	175.84	204.17	235.86	221.22	170.41	153.54	169.17	144.25	107.03	104.39	1401.8
08	대구	남	30˚	190.69	169.34	216.58	220.85	233.27	212.20	169.78	164.12	195.45	191.69	163.35	180.51	1685.8
08	대구	남	45˚	213.23	181.60	219.26	211.72	213.86	192.15	156.98	157.06	193.18	200.23	178.46	203.99	1695.7
08	대구	남	60˚	223.15	183.42	209.63	191.52	184.06	163.26	136.80	142.22	180.64	197.63	183.29	215.38	1614.5
08	대구	남	90˚	203.33	156.01	156.82	123.68	103.64	91.18	82.36	93.79	128.68	160.46	161.52	199.65	1212.5
08	대구	남동	30˚	166.14	153.80	203.29	214.80	228.40	215.13	169.60	160.62	187.31	172.63	144.46	157.73	1588.0
08	대구	남동	45˚	178.80	160.23	201.86	205.69	210.59	198.85	158.40	153.42	183.17	174.35	152.00	171.78	1569.7
08	대구	남동	60˚	181.81	158.37	191.61	188.69	185.65	175.65	142.02	140.42	171.06	167.30	151.08	176.27	1482.4
08	대구	남동	90˚	157.31	130.70	145.77	135.74	124.60	118.39	99.53	101.90	126.90	131.46	126.73	155.82	1135.2
08	대구	남서	30˚	165.86	151.06	200.78	213.22	233.15	211.33	169.44	161.90	185.30	179.30	145.58	153.78	1586.0
08	대구	남서	45˚	178.15	156.17	198.30	203.31	216.33	193.86	158.66	155.37	180.41	183.78	153.81	166.66	1566.9
08	대구	남서	60˚	181.05	153.58	187.49	185.73	191.53	170.10	142.36	142.84	167.86	178.62	153.45	170.22	1479.2
08	대구	남서	90˚	156.70	125.55	141.73	133.01	129.41	114.64	99.48	103.91	124.32	143.01	128.92	148.47	1131.5
08	대구	동	30˚	111.78	115.71	168.76	194.64	217.92	213.72	165.88	150.61	164.25	135.76	103.22	103.23	1348.5
08	대구	동	45˚	107.60	111.18	158.80	181.83	198.93	198.84	155.15	141.55	154.41	127.49	98.48	99.86	1267.0
08	대구	동	60˚	101.92	104.87	145.77	165.46	176.75	179.13	141.03	129.38	141.16	117.16	91.76	95.59	1161.5
08	대구	동	90˚	84.92	85.38	112.66	126.05	129.07	132.68	106.48	99.70	108.54	92.55	73.36	80.04	899.5
08	대구	서	30˚	111.21	112.59	165.52	191.99	224.02	207.98	165.82	152.35	161.91	144.33	104.38	99.38	1346.0
08	대구	서	45˚	107.32	107.44	154.82	178.53	206.55	191.38	155.27	144.18	151.77	138.14	99.65	95.28	1264.7
08	대구	서	60˚	101.95	100.52	141.46	161.85	185.00	170.95	140.83	132.24	138.45	128.76	92.77	89.54	1158.0
08	대구	서	90˚	84.34	80.94	109.22	122.34	135.99	126.10	106.25	100.84	105.35	101.96	75.52	74.63	894.1
08	대구	북서	30˚	57.42	72.66	125.31	165.20	208.48	201.42	158.72	138.83	134.47	103.43	62.44	47.65	1079.4
08	대구	북서	45˚	42.64	57.18	100.58	139.05	180.94	177.68	142.19	123.62	113.55	84.71	48.90	34.91	911.4
08	대구	북서	60˚	37.24	48.66	83.09	116.03	151.70	150.75	123.03	107.38	95.91	71.93	42.75	30.84	774.9
08	대구	북서	90˚	36.60	42.14	64.64	85.75	106.69	106.98	90.25	80.63	72.78	57.93	38.42	32.15	596.0
08	대구	북동	30˚	57.52	74.43	127.43	167.20	203.78	206.00	158.91	137.78	136.22	97.70	62.12	49.35	1080.9
08	대구	북동	45˚	42.79	59.04	102.79	141.69	174.58	183.92	142.30	121.96	115.25	79.11	48.10	36.33	912.4
08	대구	북동	60˚	37.62	50.49	84.87	118.88	144.99	157.63	123.35	105.77	97.61	67.82	41.62	32.15	777.1
08	대구	북동	90˚	36.80	43.26	65.48	88.27	101.71	112.52	90.53	81.03	74.71	56.18	37.55	32.46	599.8
08	대구	북	30˚	28.49	50.30	105.36	153.84	200.75	201.95	156.57	132.83	122.08	78.88	39.60	22.15	945.8
08	대구	북	45˚	25.38	30.89	62.59	116.62	167.27	176.47	137.63	112.46	89.39	48.94	31.86	23.26	748.8
08	대구	북	60˚	28.05	32.60	42.05	74.77	125.99	142.51	112.22	87.12	59.63	47.25	33.13	25.54	593.5
08	대구	북	90˚	33.21	35.20	45.53	56.70	71.39	81.62	69.47	62.57	55.34	47.08	34.47	30.16	455.3
09	전주	수평	0˚	98.06	115.12	167.44	204.56	205.01	191.71	179.92	169.62	164.33	140.40	101.90	75.04	1324.8
09	전주	남	30˚	155.68	161.48	203.42	219.67	203.75	187.28	178.69	177.61	191.87	182.87	152.35	119.09	1557.9
09	전주	남	45˚	172.08	171.74	205.27	210.32	187.50	171.38	165.00	168.00	190.67	189.75	165.58	131.87	1554.0
09	전주	남	60˚	178.52	172.26	195.93	190.30	162.06	147.49	143.78	149.98	179.35	186.20	169.43	137.17	1468.4
09	전주	남	90˚	160.46	144.56	147.01	123.80	92.87	86.23	86.66	94.58	129.92	149.51	148.56	124.43	1085.4
09	전주	남동	30˚	136.05	146.47	192.19	214.02	201.66	185.38	177.42	170.74	181.44	170.31	134.30	104.02	1470.7
09	전주	남동	45˚	144.70	151.32	190.58	204.21	186.99	171.18	165.35	160.36	177.22	172.54	140.15	110.58	1442.0
09	전주	남동	60˚	145.40	148.21	180.13	186.74	166.05	151.63	147.74	144.34	165.95	166.41	138.65	111.42	1352.3
09	전주	남동	90˚	123.37	120.56	136.57	134.36	113.30	105.02	104.81	101.99	124.55	131.44	114.93	95.40	1026.1
09	전주	남서	30˚	138.21	145.86	188.59	217.14	202.06	190.52	180.55	178.37	185.98	166.00	137.84	106.32	1487.8
09	전주	남서	45˚	147.42	150.11	185.49	208.70	187.46	177.71	170.45	170.76	183.45	166.91	145.63	113.89	1466.0
09	전주	남서	60˚	148.61	146.62	174.31	192.54	166.56	158.91	154.03	156.15	173.24	159.87	145.57	115.41	1380.9
09	전주	남서	90˚	127.23	118.61	130.83	141.22	113.37	110.37	109.06	111.43	131.79	124.86	122.87	99.74	1051.7
09	전주	동	30˚	94.62	111.95	161.82	194.88	193.56	182.32	173.26	158.31	157.81	137.06	96.91	72.87	1267.9
09	전주	동	45˚	90.42	106.73	152.25	181.69	178.33	168.89	161.69	145.95	148.59	129.98	92.12	69.85	1188.2
09	전주	동	60˚	84.29	99.51	139.38	165.24	159.86	152.15	147.39	131.59	136.57	120.17	85.97	65.83	1086.9
09	전주	동	90˚	68.57	79.57	106.56	126.12	118.30	114.31	113.74	99.33	106.23	94.31	69.21	53.37	839.6
09	전주	서	30˚	96.65	111.25	156.92	200.03	194.02	189.82	177.83	169.34	164.17	131.92	102.69	75.68	1293.4
09	전주	서	45˚	93.05	105.85	146.03	189.32	178.98	178.57	168.29	160.12	156.97	123.90	99.30	73.39	1222.7
09	전주	서	60˚	87.94	98.42	132.60	174.84	160.46	162.73	154.27	146.43	145.94	113.78	92.88	69.40	1124.6
09	전주	서	90˚	71.35	78.43	101.33	136.35	118.59	122.96	117.56	111.02	114.63	87.98	74.51	56.66	870.0
09	전주	북서	30˚	55.45	74.68	122.36	173.88	181.43	183.40	169.24	153.18	135.30	96.39	64.89	45.14	1064.0
09	전주	북서	45˚	43.50	59.64	99.69	150.84	157.83	166.13	152.95	135.56	116.81	77.96	51.91	37.20	914.1
09	전주	북서	60˚	38.54	51.05	83.13	129.72	133.02	144.79	133.73	116.60	101.07	65.65	45.27	33.61	786.9
09	전주	북서	90˚	35.17	43.27	64.11	98.88	94.63	105.92	98.41	85.92	78.76	52.41	39.10	30.34	604.4
09	전주	북동	30˚	54.46	75.11	125.75	169.68	181.17	177.41	166.41	145.00	130.69	99.29	61.35	43.90	1045.7
09	전주	북동	45˚	42.69	59.95	103.45	144.75	157.27	158.13	148.73	124.79	110.92	80.99	49.50	36.27	890.3
09	전주	북동	60˚	37.86	51.06	86.30	122.40	132.36	135.92	129.19	105.53	95.15	68.74	44.27	33.10	762.0
09	전주	북동	90˚	35.07	42.93	65.77	91.38	94.28	99.04	97.26	78.82	74.15	54.79	39.56	30.04	587.1
09	전주	북	30˚	33.36	54.35	106.20	158.55	176.81	178.93	165.45	143.12	118.68	77.88	42.89	29.58	940.8
09	전주	북	45˚	30.55	34.15	68.43	123.51	148.76	158.68	145.51	118.78	87.05	48.24	35.67	29.81	753.5
09	전주	북	60˚	31.76	35.33	50.46	83.51	113.75	130.84	118.73	89.11	60.77	45.39	36.38	30.13	604.6
09	전주	북	90˚	32.94	36.40	49.76	63.28	66.17	78.85	73.79	60.17	56.75	44.09	36.03	29.14	458.5
10	광주	수평	0˚	103.03	146.17	192.29	222.92	249.55	187.75	164.31	188.07	173.43	158.72	111.12	87.07	1449.2
10	광주	남	30˚	164.52	213.19	234.49	239.25	243.08	181.78	164.28	195.35	201.10	211.43	167.68	141.06	1719.5
10	광주	남	45˚	182.17	229.48	236.55	228.21	221.11	165.71	152.38	184.47	198.87	220.69	182.59	156.93	1720.1
10	광주	남	60˚	189.26	232.41	225.44	205.10	188.18	142.05	133.49	164.79	185.88	217.45	187.02	163.77	1628.7
10	광주	남	90˚	170.61	198.37	167.57	129.53	101.83	82.21	81.88	104.36	131.67	175.16	163.96	149.11	1205.8
10	광주	남동	30˚	146.08	202.24	220.14	235.19	245.82	183.16	164.13	195.46	190.96	192.82	148.60	121.15	1638.1
10	광주	남동	45˚	156.59	214.89	217.96	224.13	227.35	169.43	153.97	186.63	186.08	195.38	155.76	128.82	1616.3
10	광주	남동	60˚	158.52	215.57	205.66	204.27	201.01	150.21	138.35	170.70	173.76	188.61	154.66	129.84	1523.9
10	광주	남동	90˚	136.60	183.43	155.52	144.72	134.80	103.56	98.57	124.42	129.03	149.27	128.93	111.03	1164.9
10	광주	남서	30˚	143.75	183.96	217.95	227.53	238.62	182.71	165.16	192.97	191.58	193.68	149.87	126.40	1616.1
10	광주	남서	45˚	152.91	189.49	214.92	214.42	218.65	169.21	155.74	183.95	187.02	196.78	157.94	136.29	1588.8
10	광주	남서	60˚	153.84	185.31	202.25	193.72	192.03	150.30	140.68	168.04	174.94	190.16	157.48	138.90	1493.9
10	광주	남서	90˚	131.90	151.25	152.06	135.00	127.29	103.76	100.00	121.84	130.34	150.42	131.95	121.16	1135.5
10	광주	동	30˚	103.54	156.55	183.35	213.79	239.22	182.17	160.82	186.10	165.59	151.16	107.00	82.50	1409.9
10	광주	동	45˚	100.82	155.53	171.80	198.86	221.35	169.86	151.02	176.74	155.41	142.96	102.03	78.73	1331.7
10	광주	동	60˚	95.75	150.48	157.25	179.94	198.73	153.62	137.99	163.55	142.28	132.11	95.29	74.32	1226.3
10	광주	동	90˚	80.05	127.98	120.94	135.19	147.28	115.54	105.98	128.27	109.86	104.05	76.51	60.76	956.7
10	광주	서	30˚	100.30	136.15	180.44	203.37	228.93	181.36	162.54	182.90	166.50	151.97	109.00	89.08	1382.4
10	광주	서	45˚	97.05	129.66	168.24	185.82	208.87	169.12	153.58	172.55	156.73	143.75	104.29	87.02	1297.7
10	광주	서	60˚	92.25	121.25	153.16	165.68	185.37	153.09	140.59	158.68	143.74	133.19	97.51	82.95	1188.7
10	광주	서	90˚	76.14	99.06	117.73	121.87	134.49	114.74	107.55	123.26	110.26	105.05	78.75	68.25	918.0
10	광주	북서	30˚	58.13	87.66	137.83	176.07	214.93	176.08	155.68	166.53	135.62	105.65	66.61	50.42	1119.6
10	광주	북서	45˚	46.23	68.95	110.81	145.29	184.05	158.19	141.14	147.25	113.61	83.60	52.23	40.22	944.7
10	광주	북서	60˚	41.19	59.22	91.21	118.38	152.52	136.72	123.65	127.87	95.41	69.52	45.29	35.70	802.2
10	광주	북서	90˚	38.01	52.88	69.92	84.49	105.75	99.06	91.97	96.82	72.21	56.29	40.03	32.66	614.1
10	광주	북동	30˚	59.64	99.05	139.74	184.05	223.45	177.10	154.57	169.48	135.06	105.02	65.60	47.28	1140.1
10	광주	북동	45˚	47.59	80.99	112.72	155.24	194.85	159.35	139.48	151.04	112.86	83.05	51.38	37.99	969.6
10	광주	북동	60˚	42.33	70.66	92.88	128.90	163.93	137.91	121.85	132.10	95.08	68.94	44.62	34.57	828.7
10	광주	북동	90˚	38.84	61.58	71.00	93.61	116.33	100.39	91.19	101.33	72.95	56.02	39.88	32.19	639.4
10	광주	북	30˚	35.36	61.92	116.71	167.38	213.81	175.31	153.08	160.50	120.36	79.59	43.03	29.73	992.8
10	광주	북	45˚	31.93	35.37	70.68	126.28	178.63	155.59	135.82	134.56	84.60	42.70	33.59	29.46	775.9
10	광주	북	60˚	33.43	38.07	47.18	79.89	134.83	128.46	112.17	102.63	53.49	39.93	34.83	30.32	611.6
10	광주	북	90˚	35.10	42.76	49.73	57.67	73.54	76.65	70.97	70.34	50.91	42.68	36.00	30.78	465.6
11	부산	수평	0˚	119.05	119.18	168.98	226.86	220.15	205.50	203.63	216.57	183.05	150.61	115.87	104.79	1487.3
11	부산	남	30˚	197.67	170.47	208.99	244.94	215.70	197.12	197.63	224.52	211.93	199.93	180.87	175.81	1772.3
11	부산	남	45˚	220.93	182.34	211.86	233.92	196.83	177.70	179.74	210.83	209.31	208.56	198.75	197.27	1773.7
11	부산	남	60˚	231.09	183.75	202.79	210.28	168.51	149.60	153.22	186.30	195.34	205.47	205.02	207.18	1678.6
11	부산	남	90˚	210.34	155.46	152.02	132.31	93.80	79.68	85.12	112.78	137.75	165.72	181.85	190.50	1238.9
11	부산	남동	30˚	170.30	152.80	193.02	239.18	215.51	197.52	199.56	221.23	197.25	179.32	158.59	151.86	1663.4
11	부산	남동	45˚	182.40	158.05	190.57	228.23	200.31	180.48	184.87	207.91	191.11	180.47	167.50	163.41	1633.3
11	부산	남동	60˚	184.87	155.54	180.14	207.88	178.14	157.19	163.92	186.85	177.23	172.47	166.93	166.01	1532.1
11	부산	남동	90˚	158.83	127.33	136.03	146.05	121.70	102.84	110.90	128.96	130.46	134.75	140.85	144.85	1156.5
11	부산	남서	30˚	173.59	154.89	195.94	232.40	214.19	196.01	195.16	216.58	205.25	186.46	160.36	153.21	1669.1
11	부산	남서	45˚	186.91	160.75	194.45	218.75	198.07	178.38	178.82	201.53	201.52	190.76	170.47	165.78	1641.1
11	부산	남서	60˚	190.24	158.69	184.49	196.68	175.13	154.88	157.04	179.67	188.59	184.94	170.89	169.18	1541.7
11	부산	남서	90˚	164.83	130.76	140.38	135.90	119.22	101.70	105.71	123.22	141.36	147.33	144.80	147.70	1170.6
11	부산	동	30˚	113.21	114.83	158.62	216.24	208.84	194.38	195.98	206.87	168.95	139.54	110.51	100.59	1410.0
11	부산	동	45˚	108.14	109.77	148.20	200.23	193.84	177.88	182.13	191.02	156.94	130.09	105.45	97.62	1316.9
11	부산	동	60˚	102.32	103.30	135.29	180.02	175.02	157.51	164.05	171.20	142.55	118.95	98.80	94.19	1201.2
11	부산	동	90˚	84.57	84.25	103.67	132.77	130.89	113.42	120.73	125.95	109.42	94.04	80.77	78.89	920.4
11	부산	서	30˚	116.81	117.62	162.05	206.52	206.25	192.10	189.78	200.18	179.54	149.26	113.49	103.15	1415.9
11	부산	서	45˚	112.89	113.50	152.32	188.02	190.20	174.92	173.84	182.56	169.84	142.51	109.03	100.34	1323.1
11	부산	서	60˚	107.55	107.13	139.82	166.92	171.07	154.40	154.92	162.24	156.55	132.53	102.06	95.37	1206.4
11	부산	서	90˚	89.25	87.19	108.30	122.26	128.13	111.05	114.41	118.71	121.86	104.36	83.74	81.05	928.3
11	부산	북서	30˚	59.87	76.58	122.14	177.95	193.27	186.00	181.87	182.25	145.16	105.79	64.86	53.05	1133.0
11	부산	북서	45˚	44.12	61.16	98.40	145.61	167.66	162.45	158.58	154.35	121.89	85.71	49.17	40.93	943.9
11	부산	북서	60˚	38.22	52.17	81.21	117.65	141.21	135.61	133.57	127.66	102.82	71.55	41.92	35.20	789.3
11	부산	북서	90˚	37.28	44.70	62.89	84.54	101.48	92.69	95.05	90.27	77.88	56.70	38.38	33.48	596.3
11	부산	북동	30˚	58.09	74.87	119.85	185.04	195.13	187.66	186.33	187.12	137.57	99.00	62.93	52.39	1131.1
11	부산	북동	45˚	42.63	59.49	95.98	154.54	170.18	164.81	164.82	160.86	113.24	78.32	47.65	40.00	945.8
11	부산	북동	60˚	37.13	51.07	78.78	126.28	144.11	138.02	140.49	134.50	94.22	66.11	40.90	35.08	795.2
11	부산	북동	90˚	36.66	43.98	60.69	89.25	102.90	94.91	98.80	94.77	71.19	54.66	38.13	33.27	599.3
11	부산	북	30˚	28.69	52.33	100.94	168.40	189.58	184.93	181.30	177.04	125.10	79.65	37.34	26.82	989.8
11	부산	북	45˚	25.10	31.06	59.67	125.54	159.08	159.80	155.82	143.44	86.52	45.92	28.18	26.48	766.8
11	부산	북	60˚	27.98	32.83	40.22	77.31	120.98	126.84	122.91	103.48	53.08	43.56	30.28	27.97	591.5
11	부산	북	90˚	33.76	35.67	43.94	55.84	67.97	67.70	69.02	65.30	50.95	45.00	33.97	30.83	438.8
12	목포	수평	0˚	99.65	116.83	171.18	216.45	232.00	192.15	196.64	192.30	172.70	160.87	121.03	79.09	1426.2
12	목포	남	30˚	155.96	160.22	205.81	232.32	227.65	185.84	193.61	199.57	197.61	214.46	184.33	123.35	1666.1
12	목포	남	45˚	171.78	169.19	206.85	221.75	207.87	169.40	177.55	187.77	194.56	223.92	201.24	135.90	1656.2
12	목포	남	60˚	177.74	168.66	196.68	199.53	177.72	145.26	153.25	166.69	181.23	220.69	206.54	140.77	1558.5
12	목포	남	90˚	159.15	139.89	146.25	126.74	97.70	84.62	89.05	102.82	127.84	177.88	181.67	126.68	1138.3
12	목포	남동	30˚	140.22	145.06	195.24	224.80	226.41	185.09	198.03	199.19	188.96	197.10	162.53	108.67	1586.7
12	목포	남동	45˚	149.99	148.60	193.30	213.50	209.06	170.27	185.62	189.24	183.66	200.32	170.61	115.18	1555.8
12	목포	남동	60˚	151.51	144.35	182.30	193.82	184.90	150.12	165.98	171.85	171.01	194.08	169.75	115.78	1457.8
12	목포	남동	90˚	130.17	115.60	138.22	137.11	125.32	103.47	114.36	122.64	126.22	154.70	141.94	98.59	1101.7
12	목포	남서	30˚	136.04	146.14	191.88	226.24	226.95	188.47	189.28	193.32	188.06	195.61	164.96	110.46	1576.2
12	목포	남서	45˚	143.77	149.86	188.61	215.72	210.09	175.30	174.71	182.05	182.49	198.48	174.31	117.72	1543.4
12	목포	남서	60˚	143.69	145.73	176.99	196.80	186.48	156.04	154.30	164.44	169.70	191.88	174.34	118.80	1445.3
12	목포	남서	90˚	121.98	117.16	132.79	139.35	126.63	107.21	105.29	116.50	125.04	152.16	146.72	101.88	1089.7
12	목포	동	30˚	101.47	111.87	166.25	203.43	218.34	183.07	195.89	188.00	165.72	155.77	116.10	77.89	1377.4
12	목포	동	45˚	98.91	105.70	156.72	188.10	201.26	169.23	184.29	176.87	155.39	148.44	111.01	74.69	1294.8
12	목포	동	60˚	93.78	97.85	143.86	169.54	180.64	152.06	167.41	161.82	141.80	138.26	104.12	70.16	1185.6
12	목포	동	90˚	78.05	77.47	110.70	127.54	135.08	113.97	125.57	123.46	108.05	110.34	84.11	56.47	914.6
12	목포	서	30˚	95.98	113.54	161.68	205.68	219.08	187.80	183.59	180.70	164.44	153.85	119.44	79.85	1363.6
12	목포	서	45˚	92.30	107.84	151.08	191.26	202.55	175.85	168.78	167.64	153.72	146.07	114.82	77.02	1278.2
12	목포	서	60˚	87.24	99.73	137.57	172.74	182.16	159.20	150.92	151.86	139.99	135.91	108.12	72.83	1168.0
12	목포	서	90˚	71.38	78.65	105.67	129.11	135.21	118.19	111.81	115.34	106.35	107.85	88.04	58.99	896.3
12	목포	북서	30˚	57.88	77.95	128.10	178.07	204.52	182.17	176.92	164.34	136.26	107.86	71.84	49.29	1122.9
12	목포	북서	45˚	46.61	62.30	105.73	150.62	177.60	164.70	155.41	142.00	114.28	86.19	56.22	40.88	952.9
12	목포	북서	60˚	41.70	52.71	88.70	125.01	149.44	142.91	131.80	120.57	95.98	72.22	48.68	37.27	809.9
12	목포	북서	90˚	38.07	43.39	68.36	90.50	105.63	102.41	94.78	88.99	72.23	58.86	43.03	33.48	614.2
12	목포	북동	30˚	60.60	76.95	131.20	176.36	204.27	179.14	186.56	170.08	137.24	108.74	69.97	48.45	1133.8
12	목포	북동	45˚	49.07	61.36	108.98	148.16	177.10	160.21	168.31	149.17	115.59	87.28	54.48	40.16	966.1
12	목포	북동	60˚	43.60	51.98	91.56	122.83	148.83	137.87	145.76	127.93	97.42	73.42	47.16	36.67	823.6
12	목포	북동	90˚	39.30	43.28	70.04	90.52	106.77	100.18	105.19	94.33	73.45	59.83	42.25	33.22	628.2
12	목포	북	30˚	37.65	57.88	112.09	164.79	199.35	179.53	179.23	159.97	122.95	82.20	44.82	33.53	1005.8
12	목포	북	45˚	33.76	35.75	74.80	125.91	166.82	159.59	156.52	131.41	88.92	44.64	34.49	32.97	795.3
12	목포	북	60˚	34.90	36.31	53.64	81.68	126.20	132.17	126.33	97.00	58.22	41.86	35.98	33.36	628.1
12	목포	북	90˚	35.56	36.59	52.48	59.26	69.74	78.91	75.13	63.35	53.18	44.82	37.85	32.09	467.2
13	서산	수평	0˚	102.73	133.82	135.74	205.73	225.39	204.51	166.33	166.72	170.73	142.05	91.92	84.32	1335.7
13	서산	남	30˚	168.47	192.72	167.62	223.90	224.27	197.90	168.15	175.10	199.80	190.09	140.68	141.62	1597.4
13	서산	남	45˚	187.89	206.69	170.18	215.21	206.60	179.95	156.56	165.81	198.54	199.04	153.96	159.08	1603.6
13	서산	남	60˚	196.37	208.83	163.38	195.28	179.00	153.74	137.67	148.44	186.65	196.89	158.45	167.30	1524.7
13	서산	남	90˚	178.96	177.83	124.16	127.45	103.44	87.36	84.61	94.28	134.74	160.61	140.44	154.45	1142.3
13	서산	남동	30˚	148.77	173.46	154.60	218.63	222.84	195.64	168.60	176.74	190.32	174.54	123.56	122.47	1510.2
13	서산	남동	45˚	160.72	180.71	153.06	209.68	207.51	179.59	158.71	169.76	186.45	177.71	129.92	132.18	1492.3
13	서산	남동	60˚	163.63	178.14	144.51	192.29	185.13	158.14	142.74	155.82	174.91	172.34	129.56	134.86	1408.9
13	서산	남동	90˚	142.63	146.84	109.91	137.97	126.74	107.57	100.38	113.10	130.85	137.50	108.90	117.89	1079.1
13	서산	남서	30˚	146.27	172.62	159.80	214.25	221.75	201.25	166.08	167.16	189.13	173.73	127.40	124.28	1505.4
13	서산	남서	45˚	156.57	178.88	160.18	204.20	206.23	187.18	155.52	157.42	184.80	176.88	135.61	134.66	1486.4
13	서산	남서	60˚	158.34	175.72	152.98	186.31	183.99	166.45	139.34	142.36	173.05	171.46	136.46	137.79	1403.1
13	서산	남서	90˚	137.06	144.16	118.49	132.33	126.09	113.29	97.21	101.21	128.75	136.61	116.56	121.07	1073.6
13	서산	동	30˚	104.01	130.15	128.60	197.74	213.55	191.73	164.44	167.46	164.99	137.87	89.04	82.89	1293.9
13	서산	동	45˚	101.82	124.51	120.65	184.62	197.62	176.47	154.33	159.33	155.28	131.07	85.52	80.30	1220.2
13	서산	동	60˚	96.71	116.44	110.87	167.61	177.65	158.12	140.41	147.10	142.23	121.72	80.67	76.09	1120.9
13	서산	동	90˚	80.66	94.59	86.57	126.54	132.31	117.73	105.86	112.86	108.76	96.28	65.80	62.79	869.1
13	서산	서	30˚	99.65	128.67	135.38	191.88	212.07	199.61	160.77	154.75	163.43	137.03	94.14	84.36	1285.9
13	서산	서	45˚	96.24	122.86	129.17	177.18	195.96	186.74	149.65	143.09	153.41	130.01	91.86	82.12	1210.3
13	서산	서	60˚	91.73	114.84	119.72	159.54	176.11	169.10	135.04	129.30	140.16	120.70	87.24	78.32	1110.6
13	서산	서	90˚	76.65	92.72	93.94	119.57	130.74	125.92	101.43	98.79	106.78	95.10	71.87	65.43	860.3
13	서산	북서	30˚	55.15	82.39	105.20	165.17	196.99	191.47	153.51	141.00	133.25	97.07	58.52	45.13	1041.0
13	서산	북서	45˚	43.89	64.88	88.25	138.14	170.61	171.49	136.76	121.36	111.71	78.64	48.00	36.27	884.3
13	서산	북서	60˚	39.97	55.30	75.22	114.56	143.75	147.68	117.58	103.23	94.11	66.95	42.84	33.03	755.9
13	서산	북서	90˚	37.68	47.62	58.82	84.36	102.90	106.02	86.49	78.05	72.33	54.74	38.06	31.29	583.3
13	서산	북동	30˚	57.57	83.31	100.54	169.55	198.11	185.69	156.48	150.60	134.31	97.36	55.84	44.72	1047.9
13	서산	북동	45˚	45.37	65.67	83.17	143.63	172.13	163.48	140.73	133.71	112.78	78.98	45.75	35.61	892.5
13	서산	북동	60˚	40.19	55.91	71.05	120.16	145.19	139.03	122.09	115.99	95.18	67.40	41.25	32.34	764.5
13	서산	북동	90˚	37.79	47.58	56.97	88.59	104.47	100.16	89.58	86.06	73.04	55.53	37.12	30.76	590.3
13	서산	북	30˚	32.41	56.25	88.02	155.00	192.12	186.73	152.40	139.47	119.03	74.91	38.05	26.46	922.1
13	서산	북	45˚	31.01	35.43	58.01	117.53	160.32	163.19	133.81	115.14	84.28	45.44	33.18	27.53	735.5
13	서산	북	60˚	32.58	37.06	44.41	75.70	121.07	131.82	108.98	85.73	56.48	44.65	34.14	28.49	586.2
13	서산	북	90˚	34.57	39.38	44.52	58.61	71.29	76.98	69.39	58.78	53.96	44.75	34.18	29.37	449.9
14	진주	수평	0˚	120.21	146.90	197.72	208.80	220.09	215.39	188.90	184.16	186.14	165.75	119.76	112.03	1508.9
14	진주	남	30˚	200.77	214.06	241.45	225.23	216.63	206.64	185.78	191.12	217.20	222.17	187.02	194.12	1826.1
14	진주	남	45˚	224.72	230.08	243.54	215.28	198.52	186.93	170.48	179.99	215.20	232.34	205.48	219.35	1840.0
14	진주	남	60˚	235.33	232.67	231.96	193.78	170.76	158.44	147.15	159.89	201.41	229.27	211.90	231.48	1753.5
14	진주	남	90˚	214.61	197.74	171.79	122.61	96.25	87.83	85.49	98.97	142.96	185.14	187.75	214.09	1315.9
14	진주	남동	30˚	172.49	191.87	224.41	219.31	215.89	205.16	188.70	192.62	203.83	198.80	162.38	164.65	1708.2
14	진주	남동	45˚	185.22	199.92	221.12	208.66	199.59	187.64	176.43	183.40	198.32	200.35	170.98	177.69	1685.4
14	진주	남동	60˚	188.09	197.68	208.30	190.15	175.78	164.24	157.17	167.14	184.57	191.88	170.08	181.25	1587.9
14	진주	남동	90˚	162.35	163.37	156.50	134.90	117.01	110.34	108.20	119.54	136.03	149.64	142.86	158.23	1209.9
14	진주	남서	30˚	176.45	191.63	226.06	215.92	214.19	209.39	182.27	183.09	207.87	206.26	167.33	169.78	1715.6
14	진주	남서	45˚	190.35	199.06	223.31	204.70	197.48	193.06	167.99	171.07	203.71	210.97	178.37	185.21	1697.0
14	진주	남서	60˚	194.00	196.32	210.84	186.18	173.71	169.99	148.62	153.93	190.70	204.55	179.32	190.26	1604.1
14	진주	남서	90˚	169.15	161.54	159.25	131.55	115.60	114.73	101.69	108.51	142.55	162.33	152.55	167.51	1230.5
14	진주	동	30˚	115.43	142.31	185.64	197.65	208.31	202.14	185.72	182.67	174.90	152.91	112.59	105.68	1435.9
14	진주	동	45˚	111.35	136.73	173.27	183.22	191.07	185.50	173.67	172.20	163.05	142.20	106.95	101.35	1344.2
14	진주	동	60˚	105.81	129.14	158.06	165.76	169.72	165.32	156.93	157.64	148.28	129.66	99.76	96.35	1228.5
14	진주	동	90˚	88.75	105.52	121.21	125.46	123.36	121.67	117.30	120.22	113.98	101.03	80.88	80.08	948.6
14	진주	서	30˚	118.99	141.80	187.57	193.08	205.57	208.06	176.83	169.79	180.18	162.39	118.77	111.37	1441.9
14	진주	서	45˚	116.13	135.85	175.77	178.23	187.94	193.09	162.63	156.29	169.80	154.02	114.52	108.45	1352.9
14	진주	서	60˚	111.73	127.64	160.88	160.39	166.58	173.49	145.55	140.88	155.92	142.53	107.63	103.55	1238.9
14	진주	서	90˚	94.22	104.55	123.95	119.05	119.81	128.06	108.00	106.14	120.06	111.93	88.85	87.43	957.7
14	진주	북서	30˚	61.01	88.12	142.29	165.30	193.22	201.20	169.96	155.30	145.26	112.13	66.97	52.37	1135.3
14	진주	북서	45˚	45.83	67.99	114.49	137.03	167.12	179.67	149.18	133.03	121.15	88.34	50.57	37.88	944.8
14	진주	북서	60˚	39.89	57.51	94.04	112.17	139.10	153.77	126.75	112.41	101.41	72.86	43.15	32.58	793.7
14	진주	북서	90˚	38.47	50.25	71.54	80.32	95.71	108.76	91.09	83.02	76.33	58.31	39.49	33.10	603.9
14	진주	북동	30˚	59.45	88.67	140.98	169.01	195.58	196.71	176.54	165.07	141.63	105.73	63.78	50.16	1135.6
14	진주	북동	45˚	44.23	68.63	112.81	141.29	170.00	173.55	158.20	145.41	116.92	81.92	47.56	35.93	948.1
14	진주	북동	60˚	38.44	57.49	92.40	117.02	142.03	146.97	136.05	124.94	97.42	67.62	40.56	31.32	798.9
14	진주	북동	90˚	37.53	49.79	70.41	86.05	99.32	104.10	97.74	91.90	74.25	55.59	37.92	32.02	611.6
14	진주	북	30˚	28.91	57.25	118.62	154.44	189.86	197.38	170.65	153.51	126.69	82.72	37.44	21.68	979.8
14	진주	북	45˚	25.35	29.99	70.66	114.83	159.85	172.89	148.34	126.33	87.16	44.16	27.32	21.75	753.5
14	진주	북	60˚	28.22	32.89	45.10	70.43	122.41	140.08	119.08	93.55	53.50	41.91	29.51	24.32	586.5
14	진주	북	90˚	33.97	38.74	48.89	51.84	69.68	79.20	70.61	61.40	52.45	45.08	33.62	29.88	449.8
15	포항	수평	0˚	117.60	121.78	158.32	210.76	235.88	212.27	202.93	190.27	153.39	129.75	102.16	98.41	1413.5
15	포항	남	30˚	200.80	178.77	197.09	228.47	231.64	203.57	199.00	198.90	176.57	173.59	161.11	172.75	1696.4
15	포항	남	45˚	226.05	192.64	200.56	219.15	211.57	184.60	182.33	187.92	174.49	181.77	177.66	195.93	1705.0
15	포항	남	60˚	237.82	195.26	192.88	198.45	181.43	157.48	157.16	167.60	163.29	179.83	183.87	207.45	1622.6
15	포항	남	90˚	218.71	166.81	146.81	128.74	101.09	89.66	91.21	104.81	117.16	146.79	164.32	193.21	1218.0
15	포항	남동	30˚	174.11	160.77	182.74	217.82	229.63	203.45	197.54	191.93	167.15	159.66	142.25	147.19	1588.5
15	포항	남동	45˚	188.46	167.80	181.46	207.21	212.73	188.03	183.03	180.70	162.87	163.02	151.35	159.80	1567.9
15	포항	남동	60˚	192.71	166.34	172.59	188.85	188.29	166.52	162.73	163.23	151.65	157.87	151.91	163.46	1479.7
15	포항	남동	90˚	168.35	137.75	132.24	134.65	126.51	113.77	112.31	115.73	112.21	126.28	130.29	144.08	1134.6
15	포항	남서	30˚	173.57	159.52	185.02	225.30	230.93	209.49	200.91	200.54	170.12	158.73	142.17	150.40	1612.4
15	포항	남서	45˚	187.64	165.82	184.57	217.00	213.69	195.16	187.42	192.40	166.61	161.88	151.70	164.81	1598.9
15	포항	남서	60˚	191.81	164.07	176.14	199.62	188.55	174.19	167.64	176.64	155.76	156.46	152.65	169.78	1514.4
15	포항	남서	90˚	167.43	135.31	136.03	144.37	126.74	121.49	115.97	127.95	116.86	124.38	130.89	150.64	1166.9
15	포항	동	30˚	114.92	118.54	150.98	195.77	221.06	201.32	192.97	178.14	146.43	126.80	100.43	93.72	1345.8
15	포항	동	45˚	111.40	113.76	142.30	181.05	203.71	187.24	178.99	164.74	137.07	120.74	97.59	90.49	1263.8
15	포항	동	60˚	106.58	107.40	131.06	163.58	182.21	169.05	161.69	149.05	124.73	112.02	92.87	86.76	1159.8
15	포항	동	90˚	89.63	87.79	101.87	124.75	134.04	126.99	121.44	114.34	95.67	89.09	77.89	73.53	903.8
15	포항	서	30˚	114.34	117.37	153.77	205.44	222.00	212.34	197.73	190.62	150.36	125.56	101.36	98.87	1381.5
15	포항	서	45˚	110.70	112.45	145.76	193.44	204.22	201.38	185.27	181.53	142.15	118.99	98.69	96.88	1309.5
15	포항	서	60˚	105.87	105.63	134.81	176.69	182.79	185.36	168.37	167.78	130.74	110.16	93.62	92.43	1209.1
15	포항	서	90˚	88.96	85.71	105.54	134.50	134.63	143.95	126.53	129.55	100.62	87.59	78.03	78.23	945.5
15	포항	북서	30˚	56.04	72.67	116.53	176.46	207.01	205.63	188.47	170.98	125.42	89.58	58.55	46.56	1107.5
15	포항	북서	45˚	41.16	55.89	95.66	150.96	179.10	187.73	168.38	151.69	107.41	72.88	45.74	34.17	944.5
15	포항	북서	60˚	36.20	47.12	80.47	127.06	149.78	165.54	145.44	131.58	91.92	62.44	39.91	30.13	810.5
15	포항	북서	90˚	36.58	41.64	63.53	93.56	105.93	124.90	105.78	98.44	70.22	51.41	36.72	31.14	628.9
15	포항	북동	30˚	56.36	73.16	114.70	169.51	206.24	195.08	184.87	161.39	122.71	90.13	57.66	44.30	1079.9
15	포항	북동	45˚	41.35	56.48	93.74	142.41	178.23	173.81	163.46	138.76	104.00	73.43	45.37	32.97	910.3
15	포항	북동	60˚	36.33	47.74	78.64	119.08	149.16	149.34	140.01	117.83	88.41	62.75	40.13	29.98	775.2
15	포항	북동	90˚	36.60	42.13	62.13	89.49	105.33	108.73	102.24	89.15	67.86	51.63	37.13	31.05	602.4
15	포항	북	30˚	24.84	46.95	96.31	160.47	201.32	198.90	184.00	158.21	112.20	69.83	33.82	19.91	956.7
15	포항	북	45˚	23.25	25.65	58.87	122.72	167.92	176.59	160.17	129.93	83.46	43.11	27.22	21.36	762.3
15	포항	북	60˚	26.45	28.16	43.90	80.03	126.57	145.65	128.72	95.80	58.11	42.38	29.00	23.82	606.9
15	포항	북	90˚	33.03	32.97	45.97	60.89	71.38	88.35	76.88	65.15	52.83	42.41	31.86	28.79	461.1
16	제주	수평	0˚	62.06	108.35	162.31	208.21	245.60	204.14	202.00	208.73	192.79	139.60	83.19	61.32	1373.1
16	제주	남	30˚	91.75	148.79	195.45	220.91	237.68	194.36	194.39	211.95	218.95	182.05	121.39	94.99	1543.0
16	제주	남	45˚	99.48	157.21	196.32	210.11	215.29	175.17	175.74	197.17	214.38	188.70	130.99	104.43	1507.5
16	제주	남	60˚	101.65	156.82	186.41	188.34	182.02	147.73	148.86	172.73	198.18	184.81	133.22	107.96	1392.8
16	제주	남	90˚	89.10	130.29	137.63	118.49	96.24	80.88	81.29	102.46	135.84	147.15	115.51	96.75	970.5
16	제주	남동	30˚	83.69	135.74	186.15	218.78	243.66	198.48	200.56	213.69	211.48	175.82	110.20	84.86	1507.4
16	제주	남동	45˚	88.27	139.25	184.64	209.04	225.67	182.54	186.41	202.14	205.26	180.40	115.34	90.13	1467.6
16	제주	남동	60˚	88.16	135.40	174.53	190.87	199.05	160.09	165.32	182.45	190.42	175.78	114.47	90.70	1363.7
16	제주	남동	90˚	74.36	108.29	133.23	136.40	131.87	107.01	112.57	128.14	138.64	140.88	95.65	77.40	1010.8
16	제주	남서	30˚	82.36	135.16	184.57	218.81	229.72	192.57	189.97	205.79	206.64	160.31	109.02	85.02	1460.7
16	제주	남서	45˚	86.29	138.40	182.17	209.25	207.66	175.42	173.83	191.82	198.54	159.12	113.75	90.34	1406.7
16	제주	남서	60˚	85.59	134.33	171.55	192.16	179.60	152.96	152.37	171.43	182.64	150.89	112.61	91.00	1297.1
16	제주	남서	90˚	71.51	107.36	129.53	139.70	116.86	101.63	102.23	118.90	131.35	115.09	93.33	77.76	952.2
16	제주	동	30˚	64.30	105.22	159.65	202.16	239.09	198.80	200.01	204.10	186.37	145.59	84.25	62.36	1354.1
16	제주	동	45˚	62.74	99.30	151.92	189.56	221.90	184.52	187.62	191.79	174.45	141.07	82.02	60.50	1277.8
16	제주	동	60˚	59.39	91.74	140.93	172.66	198.91	165.33	170.25	174.95	158.37	132.21	77.56	57.29	1169.7
16	제주	동	90˚	48.35	72.83	110.93	130.96	144.93	121.46	128.32	132.24	119.39	104.63	62.44	46.58	894.3
16	제주	서	30˚	62.41	105.20	156.68	203.87	219.37	190.34	185.45	193.66	179.59	125.86	82.24	62.69	1291.6
16	제주	서	45˚	60.27	99.63	147.37	193.07	196.77	174.19	169.81	178.22	165.72	116.27	78.99	60.80	1199.1
16	제주	서	60˚	56.82	91.80	135.06	178.29	172.02	154.53	151.33	160.11	149.12	105.65	74.56	57.54	1086.3
16	제주	서	90˚	46.15	71.54	104.77	140.68	122.73	111.63	111.47	120.61	111.42	81.67	61.23	46.77	825.9
16	제주	북서	30˚	42.99	73.56	124.22	179.51	208.75	186.66	179.47	177.82	149.27	93.36	55.45	40.44	1105.5
16	제주	북서	45˚	36.83	59.24	102.97	156.55	176.69	164.91	156.54	152.68	122.70	74.43	46.54	34.07	939.4
16	제주	북서	60˚	33.82	50.14	86.32	135.02	144.07	139.37	131.75	128.31	100.97	62.81	42.05	31.57	794.5
16	제주	북서	90˚	30.02	41.47	66.76	104.71	98.04	96.69	93.04	93.70	74.86	52.27	36.80	28.66	597.4
16	제주	북동	30˚	44.11	73.30	126.42	177.31	223.96	193.60	191.18	185.68	154.11	106.13	57.11	40.26	1151.2
16	제주	북동	45˚	37.61	58.86	106.57	152.65	197.02	174.09	171.90	163.24	128.84	88.28	47.56	33.95	995.9
16	제주	북동	60˚	34.27	50.45	90.95	128.63	165.99	149.39	148.36	139.42	106.53	74.62	41.87	31.54	850.7
16	제주	북동	90˚	30.28	42.38	71.66	94.39	114.45	105.22	106.52	100.90	78.85	58.95	36.19	28.75	635.6
16	제주	북	30˚	32.89	56.38	107.58	165.14	211.82	189.16	183.17	174.65	136.72	80.18	41.21	28.83	1030.5
16	제주	북	45˚	29.26	36.61	72.41	130.62	177.72	166.86	159.06	143.87	97.97	48.75	33.34	27.74	823.5
16	제주	북	60˚	29.85	37.16	49.21	90.32	135.00	136.50	127.13	106.54	59.93	44.15	34.16	28.43	643.1
16	제주	북	90˚	28.60	37.09	49.72	63.82	70.61	76.12	70.52	65.38	53.62	44.80	33.50	27.62	454.2
17	안동	수평	0˚	109.84	126.17	165.73	180.30	251.39	226.60	179.62	166.57	157.35	134.36	97.01	97.17	1382.8
17	안동	남	30˚	183.21	179.72	205.39	194.55	249.91	217.52	178.46	178.13	186.22	177.88	142.18	170.38	1653.4
17	안동	남	45˚	205.10	192.14	208.59	186.84	229.49	196.57	164.65	170.35	185.79	185.68	153.87	193.25	1659.4
17	안동	남	60˚	214.88	193.61	200.14	169.75	197.56	166.33	143.15	154.08	175.27	183.23	157.07	204.66	1576.9
17	안동	남	90˚	196.33	164.11	151.36	112.25	110.14	90.46	84.81	100.84	127.46	148.96	137.69	190.81	1178.7
17	안동	남동	30˚	160.44	163.49	192.69	189.27	245.82	219.01	178.22	177.88	180.76	167.14	127.81	148.26	1571.2
17	안동	남동	45˚	173.18	169.92	191.93	181.56	226.97	201.30	166.18	171.23	178.81	171.01	133.79	161.96	1554.2
17	안동	남동	60˚	176.46	167.75	182.96	167.18	200.08	176.57	148.41	157.66	168.34	165.96	132.64	166.73	1468.4
17	안동	남동	90˚	153.25	138.36	140.73	122.27	133.26	116.73	102.91	114.98	126.37	132.47	111.58	148.34	1125.3
17	안동	남서	30˚	158.56	160.94	190.45	189.85	247.20	216.15	178.01	171.45	171.89	159.40	127.43	145.46	1546.4
17	안동	남서	45˚	170.28	166.00	188.74	182.42	228.41	197.46	166.12	162.60	167.12	160.88	133.59	158.44	1520.8
17	안동	남서	60˚	172.98	163.07	179.22	168.20	200.95	172.15	148.29	148.13	155.11	154.27	132.62	162.48	1429.5
17	안동	남서	90˚	149.55	133.21	137.10	123.41	133.67	113.75	102.57	106.98	114.11	120.88	111.16	142.91	1087.3
17	안동	동	30˚	108.15	124.25	160.34	173.16	233.73	215.61	173.83	167.59	157.41	134.52	95.83	96.92	1345.6
17	안동	동	45˚	104.24	119.47	151.91	162.91	213.31	198.61	161.93	159.04	148.74	128.37	92.45	94.44	1268.1
17	안동	동	60˚	98.72	112.51	140.32	149.60	189.20	177.05	146.42	146.42	136.47	119.21	86.92	90.87	1164.4
17	안동	동	90˚	82.09	91.17	109.51	116.18	137.32	128.92	110.19	113.23	105.92	94.63	69.92	76.53	902.6
17	안동	서	30˚	105.71	121.19	157.29	173.66	234.83	211.57	173.46	158.53	146.44	125.41	95.42	93.92	1313.5
17	안동	서	45˚	101.52	115.77	148.13	163.83	214.25	193.30	161.47	147.61	135.69	117.39	91.79	90.84	1228.7
17	안동	서	60˚	96.26	108.32	136.39	150.52	190.01	171.32	145.65	134.21	122.68	107.42	85.96	85.94	1121.3
17	안동	서	90˚	79.24	87.14	106.26	115.78	137.82	124.60	109.36	102.77	92.36	83.15	69.92	72.70	862.8
17	안동	북서	30˚	54.85	79.63	119.43	151.44	217.15	203.72	165.12	144.31	119.98	91.07	62.59	44.79	1063.2
17	안동	북서	45˚	41.13	63.38	97.40	131.06	185.55	177.83	146.72	125.63	99.36	73.63	52.04	33.86	897.7
17	안동	북서	60˚	36.37	54.45	81.62	112.36	152.89	148.94	125.70	107.78	83.07	62.40	46.42	30.73	762.5
17	안동	북서	90˚	35.98	46.87	64.24	84.25	105.90	103.81	91.51	81.55	63.24	50.74	39.68	31.75	584.5
17	안동	북동	30˚	55.83	81.34	121.52	151.31	216.61	206.74	165.62	151.16	127.83	96.58	63.00	46.46	1085.1
17	안동	북동	45˚	42.13	65.16	99.42	130.94	184.62	181.97	147.26	134.45	107.70	79.43	52.15	34.93	921.5
17	안동	북동	60˚	37.17	55.90	83.20	112.71	152.25	153.38	126.48	116.99	91.32	68.31	46.17	31.34	786.2
17	안동	북동	90˚	36.32	47.42	65.20	85.94	105.61	106.95	92.33	88.33	70.16	55.38	39.24	31.76	602.9
17	안동	북	30˚	28.29	56.10	100.52	141.13	210.42	202.88	162.71	141.25	110.49	74.24	44.51	21.69	946.9
17	안동	북	45˚	26.59	35.76	61.03	110.99	172.93	174.86	141.61	117.83	78.70	47.75	39.09	23.48	754.5
17	안동	북	60˚	28.99	37.15	43.85	76.78	127.27	138.38	113.81	89.22	53.67	46.20	38.68	25.66	599.8
17	안동	북	90˚	33.34	38.76	46.43	58.86	70.94	76.52	69.51	64.01	51.75	44.86	35.99	29.78	453.7
18	수원	수평	0˚	116.34	127.96	162.48	200.87	233.66	222.99	202.28	171.03	152.94	134.62	105.47	99.83	1410.7
18	수원	남	30˚	205.09	192.59	203.80	220.23	234.88	214.94	200.65	183.83	183.70	185.59	170.92	182.13	1736.7
18	수원	남	45˚	232.70	209.22	208.01	212.35	217.15	194.72	184.82	176.05	184.31	196.09	189.82	208.51	1762.0
18	수원	남	60˚	246.34	213.63	200.61	193.39	188.91	165.66	160.45	159.43	174.83	195.40	197.56	222.40	1692.1
18	수원	남	90˚	229.02	185.42	153.75	127.36	109.77	91.77	94.40	104.36	128.75	161.43	178.22	209.83	1293.9
18	수원	남동	30˚	172.74	171.27	188.67	208.88	230.34	211.87	199.66	177.53	172.98	170.69	148.41	155.86	1613.3
18	수원	남동	45˚	187.46	180.08	188.10	199.18	214.40	194.07	186.18	168.79	170.84	175.85	158.22	171.36	1602.4
18	수원	남동	60˚	191.90	179.48	179.61	181.92	191.02	170.19	166.24	153.90	161.21	171.80	159.07	177.39	1521.2
18	수원	남동	90˚	167.93	150.73	139.01	129.71	130.86	114.22	114.26	110.60	122.48	139.26	136.56	159.33	1178.6
18	수원	남서	30˚	179.99	171.84	191.43	216.91	234.09	218.93	200.12	181.58	174.29	166.70	151.53	155.51	1638.1
18	수원	남서	45˚	197.28	180.26	191.72	209.63	218.93	203.06	186.68	174.30	172.54	170.86	163.02	171.38	1635.4
18	수원	남서	60˚	203.62	179.72	183.82	193.68	195.67	180.00	166.69	160.15	162.94	165.99	165.17	177.37	1558.5
18	수원	남서	90˚	180.92	150.59	143.35	141.03	134.17	121.83	114.80	115.88	124.21	133.19	142.77	158.63	1212.5
18	수원	동	30˚	109.95	124.68	155.46	185.90	218.60	206.57	193.72	163.33	147.26	132.86	101.33	98.24	1343.0
18	수원	동	45˚	105.67	120.61	147.16	171.59	201.28	189.23	180.09	151.81	139.04	127.26	97.46	95.76	1261.8
18	수원	동	60˚	99.91	114.58	136.33	154.74	180.55	168.86	162.35	137.70	128.08	118.79	91.93	92.24	1158.7
18	수원	동	90˚	83.64	94.63	107.81	117.32	134.32	125.31	121.06	104.97	100.46	95.55	75.45	78.70	905.1
18	수원	서	30˚	117.17	124.87	159.18	196.37	223.33	216.57	194.28	169.05	149.40	128.02	105.28	98.21	1375.0
18	수원	서	45˚	114.54	120.66	152.03	185.05	207.18	201.99	180.66	159.46	141.86	121.18	101.96	95.92	1302.3
18	수원	서	60˚	110.30	114.55	141.64	169.37	186.75	182.52	162.99	145.94	131.40	112.31	96.26	91.41	1202.1
18	수원	서	90˚	93.66	94.84	111.98	129.05	139.30	136.05	121.90	110.92	102.93	89.65	80.29	78.24	941.3
18	수원	북서	30˚	53.53	75.21	120.29	166.96	205.66	206.31	183.54	151.22	118.81	86.91	57.06	42.42	1073.5
18	수원	북서	45˚	38.96	58.67	99.88	142.18	178.46	183.29	161.94	132.71	100.02	68.69	43.75	31.05	906.8
18	수원	북서	60˚	34.61	50.69	85.13	119.63	150.34	156.71	138.21	114.10	85.34	58.14	38.66	28.64	775.5
18	수원	북서	90˚	35.76	45.54	67.64	88.62	108.33	112.04	100.48	85.19	67.00	49.17	36.90	31.00	605.2
18	수원	북동	30˚	50.62	75.48	117.50	159.22	202.13	198.73	183.06	146.98	117.19	89.94	55.49	42.78	1052.5
18	수원	북동	45˚	36.32	58.91	96.42	132.84	173.58	173.06	161.45	126.97	97.67	72.09	42.24	31.43	880.1
18	수원	북동	60˚	32.19	50.48	82.13	110.72	145.34	145.54	137.75	108.22	82.97	61.44	37.44	28.70	748.4
18	수원	북동	90˚	34.54	45.11	66.10	83.36	104.60	104.46	99.83	82.07	65.24	51.45	36.28	30.93	587.9
18	수원	북	30˚	21.13	46.31	98.75	150.38	197.65	200.12	179.80	141.91	102.75	64.83	30.74	18.17	916.9
18	수원	북	45˚	21.91	28.76	60.31	113.30	163.80	172.68	154.54	116.46	69.85	37.13	26.54	20.48	722.2
18	수원	북	60˚	25.18	31.50	46.39	72.53	122.24	136.84	122.02	85.90	47.72	37.47	28.75	23.16	571.0
18	수원	북	90˚	32.06	36.49	48.66	57.52	72.92	77.93	74.07	62.48	47.82	39.93	32.48	28.78	446.9
19	대관	수평	0˚	101.19	121.02	171.44	213.71	245.61	201.89	165.52	159.92	146.72	152.26	102.13	97.27	1373.1
19	대관	남	30˚	165.93	174.96	209.09	232.94	243.38	196.87	165.96	170.37	169.96	202.93	159.07	168.70	1650.8
19	대관	남	45˚	184.94	187.72	211.10	223.73	223.19	180.05	153.96	162.41	168.55	211.95	174.76	190.81	1659.8
19	대관	남	60˚	193.09	189.63	201.46	202.57	191.85	155.01	134.75	146.20	158.39	209.01	180.29	201.63	1579.6
19	대관	남	90˚	175.38	161.08	150.58	130.33	107.02	90.67	81.94	94.18	115.03	168.87	160.08	187.23	1183.5
19	대관	남동	30˚	144.31	157.35	192.74	223.23	240.28	197.28	166.77	165.07	161.51	185.84	139.61	144.20	1547.3
19	대관	남동	45˚	154.74	163.51	189.14	212.81	222.08	182.87	156.62	156.07	157.79	188.67	147.51	156.24	1524.9
19	대관	남동	60˚	156.69	161.00	177.34	194.66	196.24	162.15	140.73	141.15	147.60	182.06	147.28	159.81	1436.0
19	대관	남동	90˚	134.69	131.75	132.14	139.33	131.51	110.74	99.21	99.19	110.48	144.04	124.69	140.31	1093.4
19	대관	남서	30˚	145.93	156.69	197.31	226.80	240.96	196.91	164.43	166.74	163.21	185.21	141.63	147.32	1558.3
19	대관	남서	45˚	156.67	162.22	195.29	217.44	223.07	182.37	154.00	158.58	160.09	188.30	150.80	160.89	1540.9
19	대관	남서	60˚	158.98	159.41	184.53	199.72	197.03	161.79	138.37	144.11	150.12	181.88	151.47	165.45	1455.3
19	대관	남서	90˚	137.40	129.88	139.27	143.84	131.89	110.99	97.56	101.68	112.89	143.88	128.88	146.25	1112.9
19	대관	동	30˚	98.13	116.94	159.07	199.09	229.49	194.63	163.27	152.53	141.64	145.99	98.49	93.59	1310.3
19	대관	동	45˚	94.13	111.23	147.22	184.55	210.26	180.83	153.30	140.79	133.32	137.93	94.57	90.03	1226.3
19	대관	동	60˚	88.50	103.71	133.23	167.19	187.21	162.61	139.52	126.34	122.22	127.33	88.94	85.87	1119.8
19	대관	동	90˚	73.09	82.96	100.64	126.92	137.25	120.72	106.44	93.77	94.64	100.86	72.50	72.06	863.4
19	대관	서	30˚	99.59	116.00	164.97	203.89	229.97	194.03	160.26	155.00	144.10	145.57	101.06	97.66	1324.4
19	대관	서	45˚	96.09	109.99	154.62	190.74	210.87	180.19	149.88	144.18	136.44	137.54	97.46	95.47	1244.9
19	대관	서	60˚	91.32	102.19	141.07	173.88	187.74	162.28	136.24	129.88	125.61	127.11	91.63	91.01	1140.0
19	대관	서	90˚	75.12	81.57	107.43	132.24	137.02	119.95	103.14	96.02	96.88	99.52	76.06	76.55	877.8
19	대관	북서	30˚	53.76	73.79	127.11	172.78	213.09	187.68	153.49	140.01	120.50	101.88	58.47	47.88	1060.9
19	대관	북서	45˚	41.26	57.03	103.36	145.27	183.12	167.63	137.21	121.64	103.70	80.86	45.47	36.16	894.5
19	대관	북서	60˚	36.55	48.18	85.52	121.05	151.92	144.07	118.83	102.74	89.25	67.12	39.81	32.15	758.8
19	대관	북서	90˚	34.91	42.04	64.70	89.37	105.87	103.04	87.49	74.52	68.43	54.14	36.36	32.51	580.1
19	대관	북동	30˚	52.93	74.58	122.96	169.12	213.13	188.17	155.82	138.36	118.73	101.93	57.35	46.05	1052.6
19	대관	북동	45˚	40.55	57.88	98.68	140.63	182.71	168.31	140.28	119.25	101.50	81.15	44.29	35.10	885.4
19	대관	북동	60˚	35.98	48.74	81.28	116.41	151.65	144.62	121.91	100.48	87.36	68.28	38.39	31.83	751.2
19	대관	북동	90˚	34.74	42.14	62.23	86.35	106.57	104.38	90.51	73.83	67.69	55.88	35.52	32.10	579.1
19	대관	북	30˚	29.28	50.71	106.95	156.96	207.08	186.18	152.34	133.22	108.25	77.75	34.58	22.96	926.8
19	대관	북	45˚	27.14	30.33	67.21	115.95	171.10	164.10	134.06	109.72	81.24	43.33	27.37	24.42	729.5
19	대관	북	60˚	29.11	32.40	47.61	70.38	127.00	134.34	109.49	81.43	58.53	41.32	29.04	26.52	576.3
19	대관	북	90˚	32.23	35.60	48.41	54.35	70.99	80.55	68.67	57.04	53.33	43.07	31.60	30.31	443.1
20	추풍	수평	0˚	96.53	133.70	170.98	197.68	216.21	206.29	175.76	169.25	148.64	137.87	105.18	84.79	1345.7
20	추풍	남	30˚	158.16	190.15	212.84	216.11	216.33	199.77	175.34	179.87	173.10	184.62	166.56	145.44	1618.6
20	추풍	남	45˚	176.35	203.22	216.51	208.29	199.87	181.79	162.12	171.55	171.97	193.41	183.92	164.16	1628.9
20	추풍	남	60˚	184.28	204.75	208.09	189.64	173.82	155.52	141.50	154.85	161.84	191.43	190.61	173.25	1552.9
20	추풍	남	90˚	167.88	173.59	158.02	125.22	101.63	88.85	85.39	100.98	117.78	156.41	170.86	160.76	1171.3
20	추풍	남동	30˚	137.14	170.75	197.80	210.45	214.20	197.24	178.66	177.66	164.91	168.94	145.20	125.34	1524.2
20	추풍	남동	45˚	147.09	176.68	196.77	201.89	199.58	181.35	168.68	170.06	161.55	171.77	153.85	135.83	1507.0
20	추풍	남동	60˚	148.81	173.15	186.66	185.39	177.96	159.99	152.39	155.90	151.68	166.30	154.32	138.92	1423.8
20	추풍	남동	90˚	128.05	140.86	142.37	133.20	122.02	108.90	107.61	113.09	114.20	132.15	131.18	121.74	1090.7
20	추풍	남서	30˚	139.57	171.56	198.13	206.55	213.84	202.94	171.36	175.18	165.15	169.30	148.22	126.65	1524.1
20	추풍	남서	45˚	150.09	177.48	196.98	196.80	199.12	188.65	159.31	167.13	161.86	172.56	158.60	137.70	1507.6
20	추풍	남서	60˚	152.41	174.21	186.73	179.65	177.66	167.79	142.16	152.70	151.98	167.11	160.14	141.10	1425.1
20	추풍	남서	90˚	132.36	142.11	142.33	127.88	121.61	114.65	99.51	110.05	114.50	132.94	137.38	124.04	1093.4
20	추풍	동	30˚	93.01	127.51	162.49	189.91	204.83	193.07	176.03	166.05	144.22	132.85	100.22	81.89	1294.2
20	추풍	동	45˚	89.11	120.24	152.36	177.18	189.23	177.81	166.75	156.56	136.22	125.63	96.01	78.49	1216.5
20	추풍	동	60˚	83.28	111.15	139.51	160.67	169.97	159.28	152.84	143.54	125.31	115.94	90.59	73.97	1114.5
20	추풍	동	90˚	68.94	88.83	107.38	120.60	126.15	118.51	116.56	110.27	96.93	90.81	74.23	60.93	861.8
20	추풍	서	30˚	95.41	129.03	162.59	184.67	204.12	201.09	165.61	162.99	144.57	133.09	104.87	83.22	1293.3
20	추풍	서	45˚	92.17	122.59	152.23	170.41	188.42	187.98	153.36	152.58	136.67	125.91	101.42	80.18	1214.8
20	추풍	서	60˚	87.59	113.61	139.23	153.33	169.03	170.33	138.51	138.99	125.92	116.47	95.48	75.73	1112.8
20	추풍	서	90˚	72.10	89.38	107.79	114.59	125.04	127.26	104.93	106.35	97.44	91.56	78.87	62.67	859.9
20	추풍	북서	30˚	51.85	83.65	122.18	159.42	189.35	192.75	158.71	147.00	119.84	93.95	59.49	41.44	1037.4
20	추풍	북서	45˚	40.31	65.23	98.21	133.50	164.07	172.46	140.00	128.32	102.39	75.68	46.30	31.91	876.0
20	추풍	북서	60˚	36.04	54.78	81.50	110.95	138.11	148.58	120.15	110.16	88.08	64.34	40.50	28.95	747.2
20	추풍	북서	90˚	34.09	46.40	63.92	82.11	98.87	107.16	89.06	83.19	68.26	52.87	37.03	28.80	578.7
20	추풍	북동	30˚	50.49	82.29	122.12	163.21	190.04	186.60	166.79	149.46	119.54	93.70	56.95	40.94	1039.5
20	추풍	북동	45˚	39.35	64.18	98.18	138.34	164.96	164.14	150.87	131.35	102.03	75.48	44.15	31.57	880.8
20	추풍	북동	60˚	35.23	54.71	81.26	115.93	139.10	139.56	131.87	113.39	87.74	64.10	39.11	28.66	753.7
20	추풍	북동	90˚	33.94	46.87	63.32	85.30	100.02	100.54	97.41	85.69	67.84	52.60	36.68	28.64	584.0
20	추풍	북	30˚	28.98	57.78	101.56	149.73	184.28	187.70	160.12	141.31	107.62	72.46	33.89	22.53	912.8
20	추풍	북	45˚	28.13	37.22	60.16	114.24	153.90	163.80	140.02	116.68	79.32	44.43	29.07	23.97	725.3
20	추풍	북	60˚	29.67	38.27	44.29	74.88	116.46	132.13	113.37	87.01	56.90	43.80	30.68	25.38	580.1
20	추풍	북	90˚	31.84	39.46	46.69	58.98	70.00	77.65	70.79	62.61	52.30	43.54	33.08	27.58	449.0
21	포츠담	남	30˚	50.0	55.0	121.0	217.0	230.0	241.0	208.0	199.0	157.0	110.0	41.0	26.0	1212
21	포츠담		45˚	57.0	56.0	124.0	214.0	218.0	224.0	194.0	193.0	160.0	119.0	44.0	29.0	1195
21	포츠담		60˚	61.0	55.0	121.0	201.0	196.0	197.0	172.0	178.0	155.0	121.0	44.0	31.0	1122
21	포츠담		90˚	59.0	47.0	98.0	147.0	132.0	124.0	113.0	127.0	123.0	106.0	39.0	29.0	837
21	포츠담	남동	30˚	46.0	52.0	114.0	214.0	227.0	242.0	212.0	194.0	147.0	102.0	38.0	23.0	1179
21	포츠담		45˚	51.0	53.0	116.0	212.0	217.0	229.0	201.0	188.0	148.0	107.0	39.0	25.0	1161
21	포츠담		60˚	54.0	51.0	112.0	201.0	198.0	207.0	183.0	175.0	141.0	107.0	38.0	26.0	1093
21	포츠담		90˚	50.0	42.0	90.0	156.0	143.0	146.0	132.0	130.0	111.0	91.0	32.0	23.0	839
21	포츠담	남서	30˚	40.0	49.0	110.0	201.0	222.0	234.0	201.0	188.0	145.0	96.0	37.0	23.0	1132
21	포츠담		45˚	43.0	48.0	110.0	195.0	209.0	218.0	188.0	181.0	145.0	99.0	38.0	24.0	1097
21	포츠담		60˚	44.0	46.0	105.0	181.0	190.0	195.0	169.0	167.0	138.0	97.0	37.0	25.0	1021
21	포츠담		90˚	40.0	36.0	83.0	136.0	137.0	135.0	120.0	123.0	108.0	80.0	31.0	22.0	770
21	포츠담	동	30˚	31.0	43.0	95.0	189.0	211.0	231.0	205.0	173.0	122.0	77.0	30.0	17.0	1043
21	포츠담		45˚	31.0	41.0	91.0	181.0	198.0	217.0	194.0	163.0	115.0	74.0	28.0	16.0	988
21	포츠담		60˚	30.0	38.0	85.0	170.0	180.0	198.0	179.0	150.0	106.0	70.0	26.0	15.0	913
21	포츠담		90˚	25.0	29.0	68.0	134.0	137.0	150.0	138.0	115.0	83.0	55.0	20.0	12.0	707
21	포츠담	서	30˚	25.0	40.0	90.0	172.0	202.0	219.0	188.0	165.0	120.0	70.0	29.0	16.0	978
21	포츠담		45˚	24.0	36.0	84.0	159.0	187.0	201.0	174.0	153.0	112.0	65.0	27.0	16.0	907
21	포츠담		60˚	22.0	33.0	78.0	146.0	169.0	181.0	157.0	139.0	103.0	60.0	25.0	14.0	825
21	포츠담		90˚	17.0	24.0	60.0	114.0	127.0	136.0	117.0	105.0	79.0	47.0	19.0	11.0	627
21	포츠담	북서	30˚	16.0	32.0	68.0	139.0	178.0	199.0	173.0	138.0	91.0	47.0	22.0	12.0	816
21	포츠담		45˚	15.0	28.0	58.0	116.0	151.0	169.0	149.0	116.0	77.0	40.0	20.0	11.0	696
21	포츠담		60˚	13.0	25.0	50.0	101.0	130.0	144.0	128.0	99.0	66.0	35.0	18.0	9.0	599
21	포츠담		90˚	11.0	18.0	38.0	78.0	96.0	108.0	95.0	74.0	51.0	28.0	13.0	7.0	452
21	포츠담	북동	30˚	17.0	34.0	71.0	151.0	185.0	209.0	187.0	144.0	93.0	50.0	22.0	12.0	860
21	포츠담		45˚	15.0	29.0	61.0	131.0	160.0	181.0	167.0	123.0	79.0	42.0	20.0	11.0	746
21	포츠담		60˚	14.0	26.0	54.0	114.0	139.0	157.0	148.0	107.0	68.0	36.0	18.0	9.0	652
21	포츠담		90˚	11.0	19.0	41.0	87.0	104.0	116.0	112.0	81.0	52.0	29.0	13.0	7.0	492
21	포츠담	북	30˚	16.0	29.0	56.0	128.0	172.0	197.0	175.0	129.0	77.0	36.0	21.0	11.0	767
21	포츠담		45˚	15.0	26.0	43.0	90.0	136.0	161.0	145.0	95.0	56.0	33.0	19.0	10.0	607
21	포츠담		60˚	13.0	24.0	39.0	71.0	101.0	119.0	113.0	72.0	50.0	30.0	17.0	9.0	482
21	포츠담		90˚	10.0	18.0	31.0	58.0	75.0	83.0	81.0	57.0	41.0	25.0	13.0	7.0	365
