지역코드	지역명	시간	1월	2월	3월	4월	5월	6월	7월	8월	9월	10월	11월	12월
01	춘천	1	-7.61	-2.23	1.61	8.77	14.86	18.89	22.98	23.36	18.06	9.73	1.81	-3.72
01	춘천	2	-8.09	-2.58	0.90	8.01	14.29	18.42	22.56	23.08	17.55	9.46	1.55	-4.13
01	춘천	3	-8.49	-2.99	0.15	7.41	13.69	17.94	22.28	22.85	17.12	9.23	1.26	-4.54
01	춘천	4	-8.75	-3.31	-0.43	6.75	13.25	17.64	22.12	22.65	16.81	9.05	1.01	-4.78
01	춘천	5	-9.10	-3.60	-0.82	6.31	12.82	17.39	21.93	22.52	16.52	8.93	0.81	-4.91
01	춘천	6	-9.42	-3.90	-1.25	5.95	12.59	17.31	21.91	22.38	16.33	8.76	0.65	-5.09
01	춘천	7	-9.46	-4.03	-1.45	5.94	13.05	17.78	22.18	22.57	16.37	8.72	0.52	-5.30
01	춘천	8	-9.61	-4.06	-0.77	6.87	14.15	18.75	22.80	23.25	17.03	9.44	0.58	-5.35
01	춘천	9	-8.79	-2.92	1.01	8.86	15.61	19.96	23.76	24.21	18.08	10.93	1.63	-4.42
01	춘천	10	-6.84	-1.50	2.98	10.99	17.25	21.47	24.67	25.29	19.46	12.52	2.99	-3.07
01	춘천	11	-4.78	0.09	5.03	12.93	18.88	23.07	25.76	26.32	21.08	14.23	4.60	-1.74
01	춘천	12	-2.95	1.59	7.04	14.66	20.46	24.34	26.71	27.24	22.57	15.95	5.98	-0.57
01	춘천	13	-1.31	3.05	8.69	16.13	21.91	25.15	27.48	28.03	23.85	17.22	7.17	0.48
01	춘천	14	0.01	4.10	10.09	17.16	22.90	25.76	28.00	28.60	24.91	18.30	8.10	1.10
01	춘천	15	0.72	4.74	10.90	17.64	23.61	26.25	28.32	28.75	25.59	18.87	8.48	1.44
01	춘천	16	0.79	4.85	11.15	17.81	23.85	26.28	28.56	28.40	25.81	18.83	8.49	1.30
01	춘천	17	0.07	4.49	10.84	17.48	23.75	26.08	28.52	27.88	25.59	18.03	7.56	0.47
01	춘천	18	-1.18	3.58	9.86	16.55	23.15	25.53	28.17	27.34	24.75	15.91	6.30	-0.34
01	춘천	19	-2.39	2.24	8.38	15.30	21.95	24.63	27.47	26.48	23.02	14.17	5.07	-1.18
01	춘천	20	-3.44	1.19	6.94	14.10	20.31	23.33	26.49	25.67	21.53	12.81	4.05	-1.91
01	춘천	21	-4.46	0.42	5.41	12.92	18.80	22.08	25.56	25.05	20.42	11.79	3.32	-2.56
01	춘천	22	-5.38	-0.25	4.13	11.94	17.58	21.09	24.78	24.49	19.50	11.22	2.74	-3.07
01	춘천	23	-6.25	-0.88	3.23	10.99	16.42	20.32	24.13	24.08	18.73	10.66	2.23	-3.53
01	춘천	24	-7.01	-1.81	2.36	9.72	15.56	19.51	23.48	23.74	18.56	10.25	2.15	-3.44
02	강릉	1	-0.11	3.43	5.80	9.48	16.91	19.40	24.21	25.05	18.41	14.01	8.71	0.94
02	강릉	2	-0.14	3.31	5.58	9.18	16.72	19.07	24.08	24.83	18.19	13.86	8.41	0.81
02	강릉	3	-0.34	3.19	5.43	8.97	16.65	18.83	23.92	24.75	18.04	13.85	8.15	0.70
02	강릉	4	-0.54	3.06	5.15	8.87	16.53	18.60	23.55	24.51	17.86	13.60	7.91	0.52
02	강릉	5	-0.72	2.91	5.05	8.63	16.05	18.33	23.34	24.39	17.76	13.41	7.67	0.27
02	강릉	6	-0.81	2.81	4.96	8.52	15.89	18.24	23.24	24.42	17.60	13.18	7.51	0.25
02	강릉	7	-0.95	2.81	4.85	8.78	16.45	19.12	23.82	24.79	17.71	13.05	7.32	0.12
02	강릉	8	-1.09	3.03	5.45	10.12	17.84	20.53	24.88	25.88	18.79	13.98	7.67	0.06
02	강릉	9	-0.31	4.33	6.75	11.69	19.24	21.99	25.91	27.11	20.39	15.72	8.86	1.05
02	강릉	10	1.12	6.07	8.05	12.88	20.37	23.04	26.78	27.88	21.73	17.53	10.30	2.58
02	강릉	11	2.45	7.64	9.05	13.84	21.19	23.61	27.28	28.40	22.48	18.66	11.32	4.06
02	강릉	12	3.52	8.39	9.58	14.58	21.55	24.11	27.86	28.82	22.89	19.28	12.03	5.12
02	강릉	13	3.78	9.01	9.98	15.04	21.64	24.41	27.87	28.85	23.26	19.44	12.33	5.71
02	강릉	14	4.00	9.08	10.27	15.37	22.10	24.54	28.36	28.82	23.39	19.48	12.37	5.75
02	강릉	15	3.93	9.13	10.08	15.30	22.17	24.50	28.42	28.66	23.24	19.48	11.85	5.41
02	강릉	16	3.65	8.73	9.90	15.05	21.92	24.42	28.32	28.25	22.90	19.07	11.35	4.65
02	강릉	17	2.88	8.14	9.50	14.54	21.51	23.92	27.80	27.94	22.38	18.42	10.61	3.59
02	강릉	18	2.05	7.24	8.77	13.77	20.68	23.50	27.15	27.52	21.60	17.17	9.64	2.66
02	강릉	19	1.47	6.36	8.14	12.84	19.79	22.80	26.55	26.79	20.80	16.18	9.16	2.13
02	강릉	20	0.99	5.56	7.48	12.02	18.91	21.91	25.75	25.97	20.22	15.41	8.83	1.67
02	강릉	21	0.69	5.17	7.02	11.34	18.34	21.16	25.22	25.49	19.56	14.97	8.50	1.25
02	강릉	22	0.48	4.65	6.76	10.60	17.87	20.58	25.00	25.19	19.05	14.74	8.37	0.90
02	강릉	23	0.42	4.24	6.58	10.03	17.54	19.99	24.83	25.03	18.69	14.42	8.20	0.74
02	강릉	24	0.03	3.75	6.11	9.63	17.03	19.62	24.36	25.17	18.61	14.16	8.56	1.03
03	서울	1	-3.50	-0.51	4.16	9.92	15.47	20.56	22.95	24.41	20.27	12.91	7.35	0.47
03	서울	2	-3.73	-0.86	3.90	9.63	15.12	20.24	22.54	24.14	19.94	12.54	7.10	0.19
03	서울	3	-4.01	-1.11	3.62	9.14	14.74	19.94	22.33	23.90	19.53	12.12	6.86	-0.04
03	서울	4	-4.45	-1.43	3.49	8.81	14.31	19.73	22.10	23.70	19.22	11.79	6.55	-0.32
03	서울	5	-4.80	-1.69	3.20	8.61	14.04	19.45	21.80	23.57	18.96	11.49	6.32	-0.55
03	서울	6	-5.03	-1.86	2.99	8.53	13.99	19.38	21.72	23.47	18.66	11.25	6.09	-0.83
03	서울	7	-5.21	-1.99	2.83	8.78	14.62	19.88	21.96	23.73	18.58	11.07	5.76	-1.10
03	서울	8	-5.30	-1.94	3.46	9.49	15.84	20.72	22.55	24.63	19.31	11.69	5.84	-1.18
03	서울	9	-4.72	-0.83	4.66	10.44	17.08	21.70	23.22	25.46	20.47	13.39	6.78	-0.64
03	서울	10	-3.50	0.54	5.83	11.47	18.21	22.71	24.02	26.20	21.72	14.87	7.88	0.34
03	서울	11	-2.24	1.94	7.05	12.65	19.33	23.61	24.67	26.91	22.78	16.24	8.95	1.26
03	서울	12	-1.24	3.22	8.02	13.69	20.34	24.56	25.30	27.47	23.72	17.13	9.95	2.19
03	서울	13	-0.29	4.17	8.83	14.33	21.01	25.08	25.84	27.98	24.56	18.01	10.71	2.86
03	서울	14	0.45	4.79	9.40	14.61	21.57	25.71	26.48	28.32	25.11	18.50	11.26	3.53
03	서울	15	0.82	5.29	9.79	14.88	21.82	25.94	26.85	28.40	25.54	18.61	11.55	3.67
03	서울	16	0.81	5.20	9.51	14.83	21.69	25.96	26.90	28.21	25.49	18.31	11.42	3.75
03	서울	17	0.45	4.60	9.08	14.49	21.07	25.59	26.53	27.67	25.06	17.66	10.61	3.06
03	서울	18	-0.39	3.42	8.33	13.88	20.23	24.92	26.18	27.23	24.21	16.47	9.77	2.43
03	서울	19	-0.91	2.50	7.31	12.90	19.15	23.95	25.51	26.74	23.12	15.57	9.25	2.02
03	서울	20	-1.52	1.93	6.68	12.22	18.15	22.99	24.86	26.06	22.35	15.04	8.84	1.68
03	서울	21	-2.04	1.48	6.16	11.65	17.39	22.27	24.42	25.70	21.75	14.42	8.45	1.33
03	서울	22	-2.47	1.00	5.66	11.24	16.89	21.79	24.09	25.37	21.26	14.00	8.19	0.99
03	서울	23	-2.87	0.52	5.22	10.86	16.35	21.42	23.78	25.03	20.85	13.53	7.81	0.70
03	서울	24	-3.16	-0.05	4.60	10.19	15.77	20.93	23.34	24.69	20.70	13.31	7.83	0.77
04	인천	1	-2.51	-1.21	3.98	9.63	15.78	19.14	23.03	25.30	21.13	15.54	6.77	-0.50
04	인천	2	-2.83	-1.33	3.67	9.34	15.39	18.76	22.91	25.12	20.95	15.26	6.64	-0.62
04	인천	3	-3.14	-1.51	3.46	9.06	15.05	18.47	22.83	24.97	20.62	14.94	6.49	-0.87
04	인천	4	-3.38	-1.78	3.26	8.84	14.89	18.26	22.71	24.88	20.44	14.69	6.32	-1.08
04	인천	5	-3.62	-1.96	3.05	8.74	14.71	18.09	22.60	24.78	20.23	14.37	6.11	-1.34
04	인천	6	-3.85	-2.09	2.91	8.59	14.58	18.00	22.48	24.65	20.03	14.13	5.94	-1.37
04	인천	7	-3.95	-2.23	2.86	8.71	14.82	18.33	22.48	24.68	20.04	13.86	5.93	-1.52
04	인천	8	-4.11	-2.19	3.34	9.27	15.67	19.11	22.77	25.06	20.42	14.44	5.88	-1.54
04	인천	9	-3.45	-1.55	4.32	10.03	16.88	20.29	23.26	25.71	21.30	15.68	6.49	-1.01
04	인천	10	-2.13	-0.49	5.16	10.98	17.89	21.10	23.72	26.32	22.37	16.82	7.36	-0.25
04	인천	11	-0.62	0.53	6.17	11.84	18.88	21.90	24.28	26.66	23.15	17.97	8.28	0.62
04	인천	12	0.46	1.41	6.77	12.56	19.58	22.58	24.82	27.21	23.85	18.95	8.95	1.28
04	인천	13	1.27	2.22	7.21	13.11	20.00	23.05	25.24	27.60	24.26	19.36	9.42	1.75
04	인천	14	1.85	2.78	7.41	13.58	20.35	23.37	25.57	28.05	24.68	19.77	9.69	2.07
04	인천	15	2.15	3.00	7.32	13.48	20.38	23.56	25.77	28.25	24.67	19.74	9.86	2.18
04	인천	16	2.08	2.91	7.09	13.26	20.18	23.25	25.69	28.08	24.52	19.36	9.70	2.02
04	인천	17	1.45	2.43	6.71	12.68	19.84	23.09	25.43	27.71	24.03	18.66	9.13	1.53
04	인천	18	0.53	1.56	6.23	12.15	19.10	22.60	24.95	27.22	23.45	17.80	8.63	1.17
04	인천	19	-0.04	1.02	5.67	11.39	18.16	21.72	24.43	26.59	22.79	17.22	8.16	0.83
04	인천	20	-0.64	0.58	5.27	10.88	17.36	21.03	23.93	26.02	22.37	16.78	7.83	0.47
04	인천	21	-0.95	0.18	5.03	10.58	17.01	20.51	23.64	25.71	21.99	16.39	7.51	0.03
04	인천	22	-1.32	-0.12	4.88	10.39	16.66	20.17	23.39	25.55	21.67	16.10	7.23	-0.25
04	인천	23	-1.54	-0.51	4.65	10.23	16.41	19.87	23.26	25.41	21.43	15.81	7.15	-0.45
04	인천	24	-2.17	-0.82	4.26	9.76	15.95	19.41	23.16	25.35	21.42	15.78	6.95	-0.26
05	원주	1	-5.92	-2.58	3.51	8.57	14.77	19.77	24.09	24.25	18.23	11.62	4.76	-2.61
05	원주	2	-6.33	-3.13	3.19	7.90	14.21	19.17	23.93	24.05	17.85	11.29	4.42	-3.03
05	원주	3	-6.76	-3.53	2.79	7.43	13.72	18.75	23.65	23.97	17.55	10.96	4.18	-3.38
05	원주	4	-7.25	-3.84	2.36	7.01	13.25	18.42	23.34	23.86	17.29	10.66	3.97	-3.64
05	원주	5	-7.69	-4.16	2.00	6.45	12.89	17.98	23.13	23.75	17.02	10.36	3.73	-3.77
05	원주	6	-8.11	-4.42	1.76	6.11	12.87	17.88	23.14	23.72	16.83	10.04	3.42	-3.93
05	원주	7	-8.39	-4.56	1.61	6.63	13.80	18.85	23.57	24.07	17.03	9.92	3.23	-4.10
05	원주	8	-8.48	-4.38	2.63	8.09	15.05	19.96	24.32	24.96	17.80	10.77	3.66	-4.03
05	원주	9	-6.90	-3.04	4.10	9.99	16.83	21.60	25.19	25.91	19.17	12.41	5.02	-3.06
05	원주	10	-4.95	-1.46	5.75	12.02	18.66	23.27	26.35	26.64	20.92	14.40	6.90	-1.97
05	원주	11	-2.90	0.26	7.56	13.64	20.12	24.67	27.39	27.48	22.35	16.11	8.24	-0.81
05	원주	12	-1.00	1.60	9.14	15.15	21.31	25.41	28.18	28.04	23.59	17.62	9.68	0.34
05	원주	13	0.37	2.88	10.28	16.01	22.02	26.10	28.71	28.74	24.47	18.65	10.60	1.35
05	원주	14	1.19	3.50	11.10	16.67	22.81	26.65	29.07	28.93	24.88	19.20	11.01	1.96
05	원주	15	1.56	3.95	11.28	16.81	23.00	27.04	28.99	28.78	24.96	19.42	11.37	2.28
05	원주	16	1.47	3.91	11.34	16.57	22.95	26.92	29.02	28.64	24.90	18.89	11.03	2.02
05	원주	17	0.71	3.28	10.89	16.16	22.58	26.26	28.68	28.15	24.33	17.72	10.06	1.05
05	원주	18	-0.66	2.24	9.88	15.06	21.65	25.73	28.19	27.40	23.42	16.10	8.67	0.21
05	원주	19	-1.87	1.08	8.66	13.97	20.65	24.77	27.56	26.58	21.87	14.74	7.54	-0.57
05	원주	20	-2.62	0.09	7.53	12.78	19.25	23.60	26.82	25.91	20.74	13.88	6.85	-1.11
05	원주	21	-3.04	-0.65	6.74	11.90	18.32	22.52	26.14	25.35	19.91	13.21	6.25	-1.62
05	원주	22	-3.64	-1.24	5.82	10.89	17.31	21.68	25.47	25.04	19.40	12.72	5.78	-1.94
05	원주	23	-4.25	-1.76	5.02	10.05	16.43	20.97	24.84	24.61	18.91	12.23	5.37	-2.23
05	원주	24	-5.30	-2.08	4.11	9.19	15.51	20.36	24.36	24.52	18.67	12.05	5.31	-2.23
06	청주	1	-2.42	1.10	4.22	11.45	16.01	20.71	24.86	23.50	19.55	11.48	5.08	-0.93
06	청주	2	-2.59	0.69	3.81	11.06	15.39	20.28	24.56	23.29	19.12	10.97	4.51	-1.06
06	청주	3	-2.92	0.34	3.50	10.34	14.91	19.84	24.29	23.06	18.65	10.41	4.15	-1.44
06	청주	4	-3.07	-0.02	3.20	9.84	14.39	19.56	24.03	22.93	18.22	10.11	3.85	-1.76
06	청주	5	-3.30	-0.26	2.88	9.37	13.96	19.07	23.86	22.79	17.88	9.73	3.68	-2.05
06	청주	6	-3.48	-0.58	2.60	8.93	13.87	19.15	23.84	22.72	17.61	9.45	3.42	-2.50
06	청주	7	-3.60	-0.64	2.61	9.39	14.58	19.88	24.30	23.04	17.83	9.44	3.38	-2.56
06	청주	8	-3.65	-0.43	3.21	10.62	15.75	20.68	25.23	23.95	18.75	10.31	3.77	-2.61
06	청주	9	-3.09	0.60	4.19	12.41	17.39	21.85	26.11	24.87	20.36	11.77	5.05	-1.93
06	청주	10	-1.90	1.91	5.57	14.43	19.03	23.18	27.05	26.06	21.78	13.12	6.55	-0.93
06	청주	11	-0.90	3.45	6.98	16.37	20.33	24.19	27.90	26.97	23.42	14.79	8.16	0.29
06	청주	12	0.42	4.80	7.86	17.98	21.51	25.09	28.31	27.67	24.31	16.43	9.84	1.41
06	청주	13	1.29	5.66	8.69	19.02	22.52	25.89	28.66	28.32	25.13	17.64	11.03	2.31
06	청주	14	2.03	6.59	9.26	19.74	23.19	26.51	29.16	28.68	25.96	18.61	11.73	3.11
06	청주	15	2.41	6.76	9.55	19.83	23.37	26.84	29.44	28.44	26.24	18.81	11.92	3.26
06	청주	16	2.34	6.81	9.55	19.98	23.49	26.82	29.38	28.44	25.98	18.74	11.62	3.15
06	청주	17	1.64	6.44	9.10	19.54	23.07	26.49	29.10	28.05	25.51	18.00	10.60	2.47
06	청주	18	0.90	5.53	8.39	18.51	22.20	25.83	28.79	27.42	24.52	16.67	9.51	1.82
06	청주	19	0.39	4.77	7.36	17.17	20.89	24.89	28.00	26.41	23.49	15.69	8.69	1.40
06	청주	20	-0.11	4.01	6.58	15.97	19.71	23.91	27.23	25.57	22.50	14.77	8.04	0.86
06	청주	21	-0.47	3.48	5.98	14.98	18.72	23.12	26.59	24.97	21.76	13.92	7.36	0.45
06	청주	22	-0.88	2.88	5.44	14.12	18.04	22.54	26.15	24.49	21.11	13.24	6.69	-0.07
06	청주	23	-1.38	2.30	4.95	13.30	17.41	21.95	25.66	24.16	20.45	12.60	6.05	-0.60
06	청주	24	-2.02	1.55	4.62	12.14	16.67	21.26	25.15	23.87	20.18	12.12	5.63	-0.43
07	대전	1	-4.33	0.51	3.87	9.29	15.80	20.18	23.95	24.72	19.41	12.61	5.71	-1.12
07	대전	2	-4.76	0.13	3.51	8.72	15.30	19.67	23.67	24.48	19.07	12.27	5.33	-1.46
07	대전	3	-5.08	-0.19	3.16	8.20	14.87	19.25	23.42	24.18	18.71	11.86	4.84	-1.79
07	대전	4	-5.45	-0.41	2.85	7.73	14.45	19.00	23.20	24.02	18.38	11.61	4.52	-2.13
07	대전	5	-5.68	-0.65	2.52	7.24	14.08	18.74	22.99	23.89	18.13	11.38	4.08	-2.45
07	대전	6	-5.92	-0.96	2.25	6.73	13.83	18.69	22.83	23.77	17.94	11.08	3.82	-2.72
07	대전	7	-6.11	-1.18	2.04	6.98	14.25	19.42	23.14	24.06	18.02	10.84	3.54	-2.98
07	대전	8	-6.26	-1.21	2.64	8.69	15.35	20.59	23.81	24.91	18.91	11.70	3.86	-3.14
07	대전	9	-5.25	-0.01	4.23	10.72	17.04	21.96	24.66	25.95	20.58	13.37	5.47	-2.27
07	대전	10	-3.61	1.44	5.61	12.66	18.39	23.03	25.61	27.10	22.06	15.19	7.55	-0.93
07	대전	11	-1.87	2.83	7.02	14.24	19.71	24.30	26.39	27.55	23.11	16.89	9.43	0.71
07	대전	12	-0.55	4.04	8.15	15.48	20.72	25.18	27.15	28.16	24.05	18.29	11.25	2.28
07	대전	13	0.56	5.06	8.88	16.33	21.70	26.00	27.69	28.58	25.14	19.06	12.04	3.37
07	대전	14	1.33	5.72	9.46	16.82	22.36	26.36	28.01	28.86	25.65	19.53	12.42	4.12
07	대전	15	1.72	6.02	9.83	17.10	22.45	26.44	28.22	28.88	25.61	19.82	12.64	4.37
07	대전	16	1.59	5.98	9.72	17.01	22.45	26.42	28.20	28.46	25.44	19.56	12.21	3.99
07	대전	17	0.61	5.37	9.20	16.46	22.20	26.22	27.85	28.47	24.93	18.22	11.06	2.99
07	대전	18	-0.46	4.42	8.25	15.66	21.58	25.55	27.51	27.97	23.86	16.84	10.00	1.99
07	대전	19	-1.20	3.54	7.17	14.25	20.58	24.51	26.79	27.10	22.69	15.81	8.99	1.25
07	대전	20	-1.91	2.90	6.38	13.08	19.40	23.50	25.97	26.35	21.83	14.98	8.21	0.55
07	대전	21	-2.35	2.35	5.77	12.20	18.39	22.72	25.46	25.75	21.16	14.42	7.58	0.04
07	대전	22	-2.73	1.87	5.24	11.42	17.65	22.05	24.99	25.41	20.55	13.86	6.96	-0.40
07	대전	23	-3.20	1.41	4.69	10.73	17.01	21.40	24.65	25.10	20.12	13.34	6.30	-0.78
07	대전	24	-3.97	1.11	4.19	9.87	16.33	20.57	24.26	25.00	19.85	13.08	6.00	-0.64
08	대구	1	-0.62	2.39	6.05	11.39	17.08	20.93	24.98	24.56	21.25	14.31	7.91	1.16
08	대구	2	-0.89	2.14	5.59	10.77	16.68	20.55	24.71	24.28	20.86	13.76	7.40	0.90
08	대구	3	-1.07	1.85	5.13	10.23	16.08	20.23	24.51	24.13	20.45	13.44	6.97	0.60
08	대구	4	-1.32	1.70	4.87	9.63	15.58	19.98	24.36	23.85	20.15	13.16	6.55	0.24
08	대구	5	-1.51	1.44	4.69	9.09	15.14	19.78	24.12	23.69	19.79	12.92	6.22	0.12
08	대구	6	-1.61	1.12	4.46	8.82	14.92	19.73	24.14	23.55	19.58	12.64	5.93	-0.14
08	대구	7	-1.85	0.87	4.41	9.16	15.67	20.34	24.62	24.03	19.80	12.64	5.59	-0.38
08	대구	8	-1.85	1.02	5.12	10.39	16.98	21.40	25.53	24.86	20.62	13.77	6.13	-0.36
08	대구	9	-1.20	1.77	6.13	11.83	18.69	22.49	26.57	25.95	21.83	15.29	7.43	0.57
08	대구	10	-0.02	2.96	7.30	13.49	20.22	23.67	27.43	27.15	23.38	16.79	8.99	1.95
08	대구	11	1.06	4.16	8.42	15.08	21.63	24.80	28.15	28.26	24.61	18.54	10.55	3.38
08	대구	12	2.26	5.38	9.49	16.25	22.85	26.01	28.85	28.96	25.70	19.65	12.24	4.62
08	대구	13	3.27	6.35	10.61	17.49	23.80	26.27	29.65	29.48	26.43	20.55	13.26	5.70
08	대구	14	4.03	7.09	11.34	18.30	24.22	27.07	29.89	29.68	27.09	20.99	13.89	6.30
08	대구	15	4.41	7.56	11.73	18.61	24.47	27.17	29.91	29.44	27.18	21.10	13.94	6.54
08	대구	16	4.37	7.55	11.79	18.74	24.39	27.08	29.75	28.90	27.15	20.65	13.52	6.00
08	대구	17	3.49	7.03	11.18	18.47	24.09	26.51	29.20	28.67	26.60	19.90	12.78	5.14
08	대구	18	2.75	6.26	10.23	17.50	23.26	25.61	28.64	27.86	25.53	18.71	11.82	4.40
08	대구	19	2.11	5.64	9.35	16.28	22.23	24.81	27.83	27.12	24.44	17.70	10.97	3.75
08	대구	20	1.59	5.01	8.61	15.27	21.09	23.86	27.09	26.41	23.58	16.95	10.31	3.18
08	대구	21	1.11	4.35	8.02	14.48	20.20	23.05	26.62	25.98	22.94	16.27	9.71	2.60
08	대구	22	0.62	3.75	7.45	13.79	19.39	22.46	26.12	25.53	22.35	15.68	9.10	2.11
08	대구	23	0.27	3.29	6.98	13.10	18.30	21.90	25.71	25.19	21.82	15.15	8.61	1.69
08	대구	24	-0.22	2.71	6.55	12.00	17.70	21.31	25.24	24.79	21.65	14.73	8.42	1.56
09	전주	1	-2.49	-0.65	4.25	8.63	15.79	20.29	24.44	25.95	18.00	11.95	6.21	0.65
09	전주	2	-2.71	-0.92	3.87	8.04	15.46	19.79	24.22	25.65	17.66	11.62	5.86	0.35
09	전주	3	-2.87	-1.11	3.51	7.56	15.23	19.42	23.94	25.45	17.45	11.42	5.70	0.17
09	전주	4	-3.25	-1.34	3.14	7.05	14.96	19.10	23.85	25.33	17.12	11.18	5.45	-0.12
09	전주	5	-3.48	-1.58	2.98	6.77	14.49	18.82	23.75	25.02	16.87	11.04	5.37	-0.23
09	전주	6	-3.65	-1.84	2.76	6.61	14.60	18.83	23.66	24.88	16.76	10.83	5.17	-0.40
09	전주	7	-3.77	-1.98	2.79	7.34	15.24	19.69	24.24	25.46	17.01	10.84	5.00	-0.52
09	전주	8	-3.80	-1.77	3.93	9.35	17.09	21.26	25.40	26.62	18.50	12.48	5.39	-0.59
09	전주	9	-2.70	-0.10	5.91	11.80	18.81	22.95	26.64	27.71	20.72	15.22	7.44	0.73
09	전주	10	-1.05	1.42	7.83	13.78	20.17	24.10	27.85	28.78	22.38	17.44	9.75	2.55
09	전주	11	0.45	2.64	9.24	15.07	21.21	25.18	28.41	29.71	23.74	18.80	11.35	4.25
09	전주	12	1.41	3.76	10.55	16.12	22.10	25.94	29.24	30.29	24.64	19.79	12.21	4.98
09	전주	13	2.31	4.44	11.77	16.89	22.75	26.61	29.70	30.89	25.53	20.66	12.94	5.56
09	전주	14	2.67	5.13	12.26	17.23	23.05	27.03	29.85	31.05	25.91	21.02	13.41	5.77
09	전주	15	2.86	5.19	12.67	17.18	23.45	27.03	30.08	30.96	26.03	21.01	13.16	5.86
09	전주	16	2.65	5.13	12.53	16.87	23.34	26.82	29.88	30.52	25.80	20.78	12.77	5.49
09	전주	17	1.99	4.41	11.60	16.11	22.82	26.45	29.49	30.18	25.17	19.54	11.86	4.64
09	전주	18	1.21	3.44	9.93	14.82	21.98	25.39	28.91	29.55	23.74	17.89	10.61	3.76
09	전주	19	0.45	2.53	8.39	13.45	20.64	24.15	27.74	28.50	22.25	16.08	9.49	3.24
09	전주	20	-0.23	1.80	7.39	12.45	19.28	23.13	26.90	27.67	21.09	14.85	8.73	2.54
09	전주	21	-0.81	1.23	6.65	11.62	18.19	22.33	26.29	27.17	20.05	13.90	8.01	1.92
09	전주	22	-1.26	0.68	6.06	10.77	17.45	21.73	25.72	26.65	19.26	13.04	7.34	1.40
09	전주	23	-1.73	0.18	5.37	10.00	16.75	21.19	25.36	26.29	18.62	12.48	6.79	1.18
09	전주	24	-2.17	-0.48	4.67	9.17	16.14	20.56	24.80	26.22	18.38	12.29	6.51	0.95
10	광주	1	-0.40	1.08	4.94	11.00	16.33	20.94	24.75	24.55	20.77	13.87	8.10	1.65
10	광주	2	-0.66	0.79	4.58	10.45	15.82	20.65	24.58	24.32	20.33	13.36	7.67	1.42
10	광주	3	-1.10	0.51	4.21	10.06	15.39	20.33	24.38	24.06	19.94	12.84	7.40	1.15
10	광주	4	-1.35	0.08	3.67	9.60	15.04	20.04	24.11	23.86	19.64	12.48	7.00	0.95
10	광주	5	-1.68	-0.13	3.37	9.20	14.70	19.90	23.88	23.70	19.27	12.28	6.59	0.66
10	광주	6	-1.84	-0.33	3.17	8.80	14.57	19.94	23.78	23.59	18.97	11.98	6.42	0.45
10	광주	7	-2.03	-0.50	3.02	8.93	15.11	20.43	24.24	23.87	19.16	11.94	6.08	0.29
10	광주	8	-1.98	-0.34	3.85	10.27	16.45	21.39	25.02	24.90	20.33	12.83	6.50	0.21
10	광주	9	-0.93	0.81	5.46	12.24	18.07	22.44	26.07	26.11	21.71	15.00	7.92	1.14
10	광주	10	0.77	2.18	7.17	14.26	19.79	23.45	26.88	27.10	23.20	16.72	9.69	2.86
10	광주	11	2.08	3.67	8.85	16.17	21.28	24.58	27.62	28.03	24.24	18.10	11.14	4.10
10	광주	12	3.43	5.00	10.80	17.78	22.48	25.35	28.27	28.56	25.34	19.42	12.55	5.25
10	광주	13	4.14	5.77	12.13	19.00	23.18	26.00	28.84	28.93	25.99	20.56	13.61	5.97
10	광주	14	4.68	6.20	13.09	19.73	23.58	26.49	29.27	29.20	26.56	20.94	14.14	6.27
10	광주	15	4.96	6.46	13.39	19.97	23.58	26.67	29.38	29.14	26.69	20.92	14.28	6.49
10	광주	16	4.69	6.34	13.20	19.69	23.14	26.44	29.38	28.88	26.48	20.60	13.64	6.03
10	광주	17	4.00	5.61	12.33	18.69	22.74	25.79	29.02	28.47	26.02	19.70	12.82	5.15
10	광주	18	2.99	4.45	10.84	17.22	21.72	24.99	28.18	27.63	24.95	18.07	11.76	4.25
10	광주	19	2.34	3.39	9.05	15.74	20.43	23.98	27.55	26.54	23.73	16.85	10.99	3.76
10	광주	20	1.82	2.75	7.96	14.50	19.34	23.12	26.76	25.79	22.94	16.04	10.30	3.29
10	광주	21	1.36	2.35	7.13	13.63	18.57	22.53	26.22	25.40	22.36	15.36	9.63	2.87
10	광주	22	1.04	2.04	6.50	12.95	17.99	21.96	25.83	25.13	21.77	14.87	9.19	2.55
10	광주	23	0.59	1.70	6.07	12.33	17.42	21.57	25.48	24.83	21.45	14.39	8.79	2.05
10	광주	24	-0.02	1.46	5.54	11.45	16.84	21.18	25.11	24.77	21.09	14.31	8.59	1.87
11	부산	1	0.58	4.30	7.80	11.54	15.83	19.06	23.88	23.76	22.93	16.85	10.60	4.13
11	부산	2	0.56	0.44	0.00	2.00	0.45	4.07	7.59	11.33	15.66	18.97	23.79	23.65
11	부산	3	0.00	0.00	0.00	3.00	0.21	3.93	7.29	11.13	15.50	18.81	23.68	23.55
11	부산	4	0.00	0.00	0.00	4.00	0.04	3.73	7.10	10.89	15.21	18.70	23.54	23.38
11	부산	5	0.00	0.00	0.00	5.00	-0.27	3.55	6.90	10.74	14.98	18.62	23.45	23.22
11	부산	6	0.00	0.00	0.00	6.00	-0.54	3.47	6.75	10.60	15.00	18.63	23.48	23.12
11	부산	7	0.00	0.00	0.00	7.00	-0.70	3.28	6.64	10.68	15.74	18.99	23.83	23.41
11	부산	8	0.00	0.00	0.00	8.00	-0.70	3.76	7.05	11.53	17.02	19.82	24.58	24.21
11	부산	9	0.00	0.00	0.00	9.00	0.26	4.81	8.54	13.00	18.22	20.72	25.45	25.25
11	부산	10	0.00	0.00	0.00	10.00	1.55	6.01	9.72	14.25	18.88	21.57	26.18	26.11
11	부산	11	0.00	0.00	0.00	11.00	2.86	7.09	10.46	15.20	19.28	22.29	26.73	26.73
11	부산	12	0.00	0.00	0.00	12.00	3.87	7.86	11.16	15.99	19.76	22.44	27.22	26.98
11	부산	13	0.00	0.00	0.00	13.00	4.68	8.38	11.68	16.29	19.91	22.66	27.19	27.14
11	부산	14	0.00	0.00	0.00	14.00	5.21	8.60	11.92	16.18	19.83	22.83	27.41	27.30
11	부산	15	0.00	0.00	0.00	15.00	5.42	8.68	12.12	16.02	19.57	22.63	27.31	27.38
11	부산	16	0.00	0.00	0.00	16.00	5.43	8.45	11.80	15.64	19.31	22.34	26.99	27.15
11	부산	17	0.00	0.00	0.00	17.00	4.62	7.81	11.21	15.09	18.82	22.00	26.48	26.55
11	부산	18	0.00	0.00	0.00	18.00	3.49	6.89	10.27	14.25	17.98	21.44	25.96	25.82
11	부산	19	0.00	0.00	0.00	19.00	2.99	6.37	9.55	13.36	17.03	20.72	25.39	25.07
11	부산	20	0.00	0.00	0.00	20.00	2.58	6.10	9.22	12.84	16.53	20.10	24.85	24.68
11	부산	21	0.00	0.00	0.00	21.00	2.26	5.78	8.93	12.63	16.24	19.81	24.66	24.42
11	부산	22	0.00	0.00	0.00	22.00	1.86	5.49	8.79	12.38	16.13	19.57	24.42	24.24
11	부산	23	0.00	0.00	0.00	23.00	1.56	5.09	8.51	12.02	16.08	19.45	24.27	24.14
11	부산	24	0.00	0.00	0.00	0.00	1.00	4.77	8.09	11.70	15.93	19.15	23.98	23.92
12	목포	1	0.34	0.77	4.51	10.09	14.87	20.13	23.38	23.76	20.83	15.17	8.23	2.57
12	목포	2	0.23	0.55	4.22	9.84	14.60	19.91	23.24	23.56	20.43	14.97	7.88	2.49
12	목포	3	0.04	0.43	3.83	9.61	14.44	19.68	23.14	23.43	20.15	14.69	7.72	2.45
12	목포	4	-0.17	0.26	3.52	9.43	14.27	19.55	23.08	23.22	19.95	14.45	7.50	2.43
12	목포	5	-0.31	0.00	3.24	9.26	14.19	19.32	23.08	23.10	19.87	14.32	7.19	2.22
12	목포	6	-0.45	-0.24	3.05	9.09	14.11	19.34	23.11	22.95	19.65	14.07	7.00	2.11
12	목포	7	-0.43	-0.39	2.91	9.22	14.75	19.86	23.35	23.08	19.79	13.93	6.93	1.98
12	목포	8	-0.41	-0.21	3.66	10.50	15.85	21.08	24.06	23.75	20.94	14.90	7.40	1.98
12	목포	9	0.32	0.93	5.09	11.80	17.05	22.20	24.82	24.61	22.37	16.44	8.88	2.93
12	목포	10	1.51	2.13	6.56	13.25	18.40	23.28	25.36	25.46	23.63	17.69	10.17	4.12
12	목포	11	2.78	3.04	7.93	14.54	19.43	24.10	26.12	25.95	24.49	18.70	11.41	5.08
12	목포	12	3.75	3.82	9.11	15.37	20.15	24.61	26.73	26.61	25.09	19.55	12.35	6.17
12	목포	13	4.44	4.29	9.66	15.93	20.44	24.96	27.04	27.09	25.60	20.05	12.81	6.36
12	목포	14	4.59	4.61	10.04	15.95	20.60	25.18	27.04	27.46	25.80	20.25	12.99	6.70
12	목포	15	4.76	4.75	10.04	15.80	20.62	25.00	27.06	27.44	25.71	20.12	12.91	6.66
12	목포	16	4.48	4.33	9.72	15.36	20.56	24.72	26.85	27.32	25.32	19.74	12.43	6.00
12	목포	17	3.73	3.71	8.90	14.61	20.17	24.18	26.25	27.04	24.56	19.00	11.55	5.36
12	목포	18	2.89	2.80	7.75	13.67	19.44	23.41	25.90	26.41	23.61	17.98	10.53	4.61
12	목포	19	2.29	2.11	6.59	12.56	18.45	22.50	25.31	25.65	22.58	17.26	9.85	4.19
12	목포	20	1.93	1.71	5.88	11.82	17.14	21.74	24.69	24.93	22.12	16.75	9.39	3.77
12	목포	21	1.55	1.37	5.51	11.31	16.51	21.26	24.32	24.53	21.74	16.19	8.90	3.46
12	목포	22	1.27	1.16	5.22	10.95	15.98	20.89	23.99	24.24	21.33	15.76	8.65	3.13
12	목포	23	1.05	0.90	5.09	10.69	15.60	20.55	23.81	24.01	21.09	15.36	8.41	2.85
12	목포	24	0.63	0.81	4.79	10.33	15.18	20.25	23.62	23.89	20.94	15.41	8.45	2.65
13	서산	1	-3.80	-2.28	2.67	7.23	12.69	18.75	21.63	24.28	18.72	12.09	9.37	-0.24
13	서산	2	-4.08	-2.52	2.45	6.95	12.63	18.56	21.50	24.20	18.39	12.06	9.37	-0.41
13	서산	3	-4.47	-2.69	2.15	6.60	12.28	18.37	21.37	24.07	18.34	11.82	9.26	-0.47
13	서산	4	-4.67	-2.82	1.96	6.31	12.09	17.94	21.21	24.02	18.18	11.61	9.25	-0.47
13	서산	5	-4.84	-2.94	1.88	6.14	11.93	17.84	21.18	23.93	17.91	11.53	9.11	-0.47
13	서산	6	-4.98	-2.95	1.64	5.90	12.03	18.04	21.14	23.77	17.77	11.29	8.86	-0.62
13	서산	7	-5.05	-3.04	1.57	6.84	13.32	19.21	21.55	24.27	18.08	11.22	8.85	-0.46
13	서산	8	-4.90	-3.11	2.88	8.58	14.70	20.62	22.31	25.16	19.78	12.77	9.38	-0.29
13	서산	9	-3.28	-1.35	4.20	10.17	16.09	21.86	23.26	25.95	21.46	14.76	11.01	0.96
13	서산	10	-0.82	0.32	5.27	11.69	17.32	22.77	23.90	26.50	22.87	16.48	12.48	2.76
13	서산	11	0.86	1.37	6.07	13.00	18.29	23.51	24.75	26.95	23.93	17.63	13.54	4.18
13	서산	12	2.12	2.28	6.59	13.89	19.24	24.15	25.23	27.18	24.74	18.52	14.34	5.38
13	서산	13	2.97	2.85	6.74	14.29	19.99	24.59	25.64	27.73	25.41	19.19	14.67	6.04
13	서산	14	3.38	3.25	7.01	14.55	20.08	24.71	26.05	28.08	25.60	19.39	14.88	6.37
13	서산	15	3.29	3.27	6.88	14.46	19.86	24.77	25.99	28.21	25.50	19.13	14.61	6.25
13	서산	16	2.96	3.07	6.70	14.02	19.92	24.65	25.67	27.85	25.08	18.64	14.11	5.92
13	서산	17	2.10	2.40	6.32	13.54	19.41	24.19	25.15	27.81	24.46	17.78	13.04	4.78
13	서산	18	0.50	1.28	5.75	12.64	18.20	23.50	24.61	27.28	23.06	16.06	11.88	3.32
13	서산	19	-0.80	0.20	4.98	11.40	17.05	22.61	24.09	26.33	21.38	14.71	11.08	2.28
13	서산	20	-1.61	-0.54	4.36	10.18	15.80	21.39	23.35	25.43	20.52	13.70	10.45	1.42
13	서산	21	-1.97	-1.15	3.88	9.47	14.77	20.64	22.78	25.00	20.25	13.07	10.01	0.75
13	서산	22	-2.47	-1.41	3.58	8.89	14.12	20.09	22.49	24.76	19.64	12.62	9.69	0.54
13	서산	23	-2.94	-1.74	3.13	8.32	13.65	19.56	22.22	24.60	19.15	12.33	9.37	0.17
13	서산	24	-3.40	-1.89	2.87	7.61	13.04	19.13	21.85	24.42	19.14	12.37	9.64	0.09
14	진주	1	-3.92	-0.75	3.74	9.80	14.54	18.96	23.66	25.13	20.35	12.41	5.49	-0.92
14	진주	2	-4.49	-1.12	2.84	9.32	14.00	18.51	23.49	24.96	19.94	11.93	5.16	-1.26
14	진주	3	-5.02	-1.55	2.17	8.92	13.65	18.22	23.26	24.80	19.70	11.71	4.76	-1.48
14	진주	4	-5.06	-1.96	1.66	8.55	13.44	17.99	23.12	24.73	19.61	11.30	4.41	-1.80
14	진주	5	-5.25	-2.28	1.45	8.03	13.27	17.71	22.94	24.60	19.48	11.00	4.34	-2.12
14	진주	6	-5.35	-2.42	1.42	7.56	13.31	17.83	22.94	24.71	19.17	10.66	3.96	-2.24
14	진주	7	-5.66	-2.36	1.40	8.52	14.69	18.89	23.72	25.27	19.68	10.68	3.68	-2.37
14	진주	8	-5.45	-1.69	2.79	10.70	16.64	20.47	24.81	26.00	21.51	12.68	4.71	-2.28
14	진주	9	-2.49	0.45	5.46	12.34	18.48	22.00	25.55	27.11	22.92	15.29	7.40	0.20
14	진주	10	0.17	2.48	7.51	14.13	20.36	23.50	26.53	28.06	24.31	17.29	9.59	2.72
14	진주	11	2.48	4.11	9.35	15.72	21.65	24.71	27.45	28.74	25.41	18.69	11.79	4.59
14	진주	12	3.99	5.50	10.77	16.84	22.81	25.63	28.15	29.21	26.31	19.89	13.23	6.12
14	진주	13	5.01	6.59	11.87	17.56	23.59	26.42	28.52	29.73	26.90	20.61	14.21	7.14
14	진주	14	6.04	7.36	12.59	17.97	23.97	26.83	28.72	29.93	27.13	21.08	14.67	7.61
14	진주	15	6.42	7.71	12.98	18.13	23.81	26.78	28.82	29.92	27.01	21.04	14.86	8.05
14	진주	16	6.32	7.55	12.75	17.82	23.47	26.50	28.44	29.85	26.76	20.70	14.38	7.51
14	진주	17	5.26	6.76	11.87	17.22	22.75	25.78	28.08	29.54	25.99	19.61	13.16	6.05
14	진주	18	3.20	5.45	10.71	16.13	21.53	24.93	27.41	28.75	24.88	17.66	11.67	4.24
14	진주	19	1.28	4.10	9.20	14.78	20.28	23.54	26.52	27.78	23.43	16.11	10.02	2.90
14	진주	20	-0.02	2.54	7.98	13.87	19.00	22.25	25.71	27.00	22.47	14.98	8.59	2.02
14	진주	21	-0.74	1.73	7.17	12.95	17.74	21.36	25.19	26.41	21.85	14.03	7.65	1.08
14	진주	22	-1.64	1.02	6.33	12.08	16.85	20.61	24.86	26.05	21.24	13.45	6.93	0.36
14	진주	23	-2.16	0.35	5.23	11.12	16.13	19.99	24.58	25.68	20.80	13.10	6.36	-0.15
14	진주	24	-3.27	-0.16	4.27	10.34	15.28	19.32	24.04	25.46	20.60	12.88	6.01	-0.51
15	포항	1	0.26	3.58	7.19	11.68	16.71	19.77	24.40	25.50	20.38	14.94	8.96	2.98
15	포항	2	0.09	3.35	6.86	11.26	16.40	19.52	24.26	25.38	20.00	14.62	8.88	2.76
15	포항	3	-0.20	3.14	6.38	10.90	16.01	19.37	24.11	25.20	19.70	14.38	8.64	2.60
15	포항	4	-0.50	2.88	6.00	10.56	15.91	19.15	23.91	25.02	19.48	14.12	8.47	2.36
15	포항	5	-0.78	2.82	5.71	10.23	15.78	19.02	23.78	24.82	19.31	13.97	8.24	2.14
15	포항	6	-0.98	2.71	5.47	9.91	15.55	19.03	23.77	24.75	19.14	13.91	8.12	2.00
15	포항	7	-1.21	2.52	5.40	10.20	15.99	19.51	24.15	25.01	19.31	13.96	8.04	1.87
15	포항	8	-1.30	2.61	5.85	11.02	17.04	20.52	24.87	25.91	20.45	14.73	8.34	1.89
15	포항	9	-0.30	3.46	7.17	12.66	18.26	21.41	25.72	27.06	21.98	15.90	9.36	2.78
15	포항	10	1.17	4.66	8.74	14.22	19.18	22.18	26.45	28.22	22.95	17.30	10.68	4.31
15	포항	11	2.71	5.99	9.92	15.52	20.18	23.10	26.87	28.89	23.79	18.60	12.04	5.80
15	포항	12	4.04	7.00	10.81	16.34	21.08	23.54	27.13	29.38	24.23	19.60	13.18	7.18
15	포항	13	5.08	7.59	11.37	17.03	21.98	23.88	27.69	29.76	24.34	20.11	13.63	8.23
15	포항	14	5.73	7.95	11.83	17.44	22.34	24.03	27.87	29.85	24.47	20.33	13.91	8.66
15	포항	15	5.94	8.16	12.05	17.33	22.25	24.07	27.81	29.83	24.46	20.34	13.80	8.80
15	포항	16	5.71	8.13	12.09	17.01	21.72	23.84	27.73	29.35	24.29	20.09	13.34	8.39
15	포항	17	4.87	7.58	11.66	16.43	21.18	23.59	27.25	28.83	23.90	19.31	12.47	7.38
15	포항	18	3.81	6.78	10.79	15.58	20.59	22.98	26.54	28.25	23.32	18.33	11.72	6.38
15	포항	19	3.06	6.11	10.03	14.68	19.67	22.16	25.95	27.27	22.75	17.63	10.96	5.67
15	포항	20	2.51	5.53	9.38	14.00	18.77	21.79	25.45	26.67	22.28	17.11	10.41	5.05
15	포항	21	1.91	5.14	8.94	13.61	18.15	21.20	25.08	26.17	21.89	16.67	9.97	4.58
15	포항	22	1.46	4.71	8.52	13.12	17.64	20.90	24.99	25.79	21.45	16.07	9.64	4.05
15	포항	23	1.03	4.38	8.07	12.70	17.35	20.57	24.82	25.61	21.05	15.68	9.27	3.65
15	포항	24	0.57	3.91	7.64	12.11	17.09	20.10	24.65	25.49	20.71	15.37	9.26	3.35
16	제주	1	4.67	7.60	8.72	12.70	17.26	20.91	24.47	26.13	22.12	17.29	12.13	6.87
16	제주	2	4.75	7.54	8.54	12.56	17.14	20.69	24.24	25.96	21.87	17.13	12.02	6.83
16	제주	3	4.71	7.58	8.35	12.34	17.04	20.49	24.10	25.66	21.64	17.00	11.87	6.85
16	제주	4	4.67	7.47	8.21	12.15	16.85	20.35	24.10	25.56	21.47	16.89	11.90	6.83
16	제주	5	4.66	7.45	8.02	11.97	16.81	20.25	23.98	25.40	21.38	16.82	11.85	6.82
16	제주	6	4.81	7.46	7.81	11.80	16.80	20.22	24.05	25.34	21.22	16.71	11.74	6.70
16	제주	7	4.79	7.47	7.70	11.97	17.22	20.51	24.29	25.46	21.20	16.60	11.59	6.73
16	제주	8	4.75	7.37	8.12	12.89	18.18	21.18	25.07	26.41	21.87	16.97	11.80	6.59
16	제주	9	4.99	7.86	9.34	14.16	18.98	21.77	25.75	27.58	22.98	18.25	12.85	6.98
16	제주	10	5.59	8.87	10.41	15.12	19.70	22.22	26.32	28.22	23.66	19.09	13.87	7.65
16	제주	11	5.94	9.72	11.12	15.77	20.30	22.80	26.72	28.65	24.36	19.67	14.21	8.05
16	제주	12	6.26	10.38	11.51	16.29	20.91	23.13	27.22	28.85	24.82	19.93	14.55	8.45
16	제주	13	6.40	10.50	11.89	16.41	21.29	23.37	27.19	29.20	25.07	20.26	14.78	8.58
16	제주	14	6.45	10.64	12.11	16.43	21.32	23.30	27.46	29.39	25.25	20.47	14.79	8.70
16	제주	15	6.53	10.71	12.02	16.56	21.40	23.36	27.46	29.61	25.37	20.50	14.72	8.56
16	제주	16	6.39	10.55	11.98	16.40	21.39	23.28	27.41	29.36	25.20	20.18	14.50	8.35
16	제주	17	6.06	10.19	11.55	15.90	21.28	22.90	27.09	29.08	24.70	19.71	13.98	7.92
16	제주	18	5.78	9.56	11.00	15.34	20.48	22.68	26.78	28.56	24.18	18.96	13.54	7.55
16	제주	19	5.56	8.98	10.38	14.51	19.75	22.18	26.14	27.90	23.50	18.52	13.12	7.35
16	제주	20	5.35	8.63	9.91	14.07	19.00	21.74	25.55	27.35	23.13	18.13	12.82	7.18
16	제주	21	5.24	8.33	9.61	13.74	18.60	21.57	25.39	27.18	22.90	17.84	12.60	7.00
16	제주	22	5.09	8.05	9.37	13.49	18.29	21.41	25.11	26.85	22.64	17.56	12.42	6.82
16	제주	23	4.95	7.85	9.07	13.34	18.09	21.29	24.83	26.58	22.38	17.40	12.26	6.78
16	제주	24	4.76	7.68	8.87	12.75	17.71	21.02	24.65	26.34	22.38	17.45	12.17	6.86
17	안동	1	-3.73	-1.45	3.58	7.52	14.68	19.82	23.64	23.12	19.51	10.91	3.62	-2.02
17	안동	2	-4.35	-1.72	3.12	7.15	13.98	19.21	23.49	22.89	19.21	10.42	3.04	-2.28
17	안동	3	-4.75	-2.11	2.63	6.77	13.30	18.76	23.27	22.63	18.86	9.89	2.64	-2.59
17	안동	4	-5.21	-2.52	2.25	6.06	12.83	18.48	22.96	22.35	18.52	9.68	2.28	-2.87
17	안동	5	-5.29	-2.74	1.85	5.58	12.53	18.22	22.84	22.25	18.31	9.66	1.95	-3.05
17	안동	6	-5.84	-3.01	1.53	5.33	12.36	18.05	22.90	22.26	18.10	9.41	1.74	-3.22
17	안동	7	-6.22	-3.51	1.47	5.75	13.36	18.98	23.38	22.56	18.19	9.23	1.28	-3.52
17	안동	8	-6.05	-3.20	2.45	7.29	15.02	20.18	24.19	23.36	18.77	10.02	1.86	-3.38
17	안동	9	-4.69	-1.86	4.17	9.05	17.15	21.92	25.24	24.46	19.80	11.58	3.92	-2.14
17	안동	10	-2.83	-0.24	5.62	10.86	19.01	23.24	26.33	25.65	21.65	13.85	6.30	-0.69
17	안동	11	-0.86	1.18	7.06	12.38	20.53	24.64	27.11	26.82	23.20	16.17	8.74	0.72
17	안동	12	0.74	2.73	8.19	13.51	21.86	25.34	27.89	27.43	24.28	18.09	10.89	2.19
17	안동	13	2.09	3.94	9.23	14.38	22.82	26.33	28.20	28.03	25.16	19.22	12.26	3.41
17	안동	14	2.95	4.76	10.00	15.10	23.36	27.00	28.61	28.65	25.79	19.86	13.08	4.30
17	안동	15	3.39	5.29	10.35	15.49	23.86	27.23	28.62	28.89	26.01	20.05	13.34	4.67
17	안동	16	3.14	5.28	10.37	15.70	23.78	27.29	28.42	28.76	25.81	19.81	12.91	4.31
17	안동	17	2.21	4.70	9.73	15.49	23.34	26.79	27.82	28.12	25.07	18.79	11.56	3.23
17	안동	18	0.92	3.51	8.85	14.56	22.61	26.05	27.22	27.23	23.92	16.75	9.71	2.11
17	안동	19	-0.13	2.40	7.63	13.19	21.24	24.85	26.60	26.27	22.65	15.34	8.13	1.15
17	안동	20	-0.82	1.49	6.71	11.86	19.82	23.55	25.73	25.33	21.71	14.36	7.05	0.55
17	안동	21	-1.53	0.96	6.07	10.94	18.47	22.71	25.22	24.79	21.09	13.32	6.21	-0.14
17	안동	22	-2.02	0.41	5.39	10.08	17.40	21.94	24.74	24.37	20.40	12.61	5.21	-0.84
17	안동	23	-2.71	-0.26	4.77	9.34	16.19	21.27	24.30	23.88	19.92	11.84	4.33	-1.35
17	안동	24	-3.42	-1.01	4.18	8.18	15.38	20.41	24.01	23.55	19.89	11.38	4.05	-1.52
18	수원	1	-4.35	0.01	3.91	9.99	14.89	20.11	24.60	23.71	19.67	12.67	4.54	-0.22
18	수원	2	-4.69	-0.42	3.69	9.64	14.42	19.68	24.41	23.46	19.31	12.25	4.10	-0.51
18	수원	3	-5.03	-0.61	3.26	9.27	13.83	19.33	24.21	23.30	19.04	12.06	3.78	-0.70
18	수원	4	-5.42	-0.87	2.86	8.72	13.49	19.02	23.97	23.16	18.70	11.55	3.74	-0.95
18	수원	5	-5.77	-1.06	2.63	8.37	13.31	18.79	23.86	22.97	18.47	11.32	3.42	-1.18
18	수원	6	-5.91	-1.25	2.29	8.23	13.40	19.08	23.82	22.82	18.39	11.11	3.14	-1.55
18	수원	7	-5.96	-1.35	2.34	9.19	14.74	20.19	24.39	23.30	18.80	10.95	3.14	-1.75
18	수원	8	-6.06	-1.01	3.65	10.90	16.23	21.47	25.01	24.02	20.02	12.61	3.54	-1.71
18	수원	9	-4.50	0.57	5.18	12.84	17.65	22.51	25.69	25.02	21.21	14.25	5.33	-0.23
18	수원	10	-2.74	2.12	6.71	14.58	19.04	23.62	26.14	26.06	22.51	15.59	6.98	1.23
18	수원	11	-1.39	3.58	8.02	16.10	20.21	24.55	26.89	27.15	23.49	17.00	8.20	2.39
18	수원	12	-0.33	4.80	9.27	17.20	21.33	25.28	27.41	27.89	24.66	17.95	9.33	3.33
18	수원	13	0.58	5.72	10.15	18.18	21.87	26.05	28.15	28.28	25.26	18.74	10.29	4.04
18	수원	14	1.21	6.15	10.57	18.82	22.41	26.45	28.61	28.43	25.56	19.14	10.99	4.59
18	수원	15	1.36	6.41	10.47	18.93	22.47	26.43	28.82	28.54	25.82	19.11	11.10	4.84
18	수원	16	0.85	6.20	10.23	18.56	22.24	26.10	28.82	28.15	25.67	18.91	10.37	4.08
18	수원	17	0.20	5.40	9.25	17.86	21.56	25.65	28.41	27.70	24.89	18.03	9.49	3.22
18	수원	18	-0.68	4.29	8.14	16.59	20.58	24.89	27.83	26.86	23.81	16.69	8.34	2.34
18	수원	19	-1.25	3.43	7.15	15.14	19.26	23.99	26.98	26.06	22.57	15.88	7.36	1.76
18	수원	20	-1.91	2.71	6.57	14.00	18.01	23.10	26.21	25.52	21.94	15.06	6.79	1.03
18	수원	21	-2.55	2.01	6.04	13.01	17.17	22.50	25.83	24.95	21.34	14.24	6.04	0.45
18	수원	22	-3.09	1.38	5.35	12.25	16.64	22.08	25.45	24.48	20.88	13.79	5.66	0.16
18	수원	23	-3.56	0.85	4.75	11.45	15.94	21.37	25.09	24.27	20.40	13.32	5.15	-0.12
18	수원	24	-4.09	0.31	4.31	10.45	15.35	20.44	24.84	23.93	20.05	13.16	4.89	-0.15
19	대관	1	-3.19	-2.13	2.31	7.93	13.77	18.38	22.39	21.58	16.87	11.77	4.93	-1.00
19	대관	2	-3.53	-2.30	1.84	7.28	13.08	18.12	22.30	21.36	16.63	11.46	4.87	-1.15
19	대관	3	-3.79	-2.59	1.43	6.60	12.77	17.58	22.11	21.25	16.43	11.07	4.59	-1.40
19	대관	4	-4.18	-2.93	1.08	6.17	12.21	17.32	21.94	20.97	16.01	10.67	4.19	-1.48
19	대관	5	-4.56	-2.97	0.71	5.79	11.65	17.13	21.78	20.86	15.69	10.42	4.01	-1.75
19	대관	6	-4.71	-3.16	0.35	5.50	11.63	17.18	21.86	20.87	15.48	10.08	3.57	-1.99
19	대관	7	-4.94	-3.39	-0.08	5.97	12.80	18.24	22.51	21.48	15.91	10.01	3.34	-2.24
19	대관	8	-5.18	-3.02	1.03	7.83	14.78	19.37	23.34	22.67	17.50	11.49	4.01	-2.37
19	대관	9	-4.14	-1.74	3.19	10.00	16.47	20.59	24.29	23.99	19.33	13.75	5.97	-1.22
19	대관	10	-2.71	-0.46	5.18	11.63	18.15	21.57	25.17	24.98	20.81	15.83	7.87	0.36
19	대관	11	-1.45	0.64	6.80	12.99	19.81	22.61	25.99	26.02	22.00	17.36	9.31	1.52
19	대관	12	-0.27	2.02	8.37	14.32	20.97	23.45	26.32	26.71	22.70	18.58	10.56	2.40
19	대관	13	0.59	3.15	9.16	15.39	21.82	24.02	27.00	26.99	23.23	19.27	11.16	3.16
19	대관	14	1.10	3.76	9.88	15.86	22.47	24.32	27.10	27.52	23.78	19.74	11.81	3.63
19	대관	15	1.38	3.89	10.29	16.24	22.81	24.88	27.27	27.28	23.91	19.89	11.83	3.91
19	대관	16	1.23	3.75	10.32	16.32	22.75	24.96	27.21	27.07	23.83	19.60	11.45	3.54
19	대관	17	0.54	3.03	9.71	15.93	22.14	24.65	26.82	26.60	23.10	18.73	10.35	2.71
19	대관	18	-0.42	1.86	8.49	15.11	21.36	24.12	26.34	25.62	21.72	16.31	8.77	1.87
19	대관	19	-1.06	0.84	7.01	13.71	19.71	22.92	25.57	24.43	19.99	14.77	7.68	1.22
19	대관	20	-1.68	-0.04	5.72	12.50	18.09	21.59	24.55	23.48	18.98	13.94	6.77	0.82
19	대관	21	-2.01	-0.65	5.00	11.48	16.65	20.75	23.95	23.02	18.26	13.23	6.25	0.42
19	대관	22	-2.57	-1.21	4.08	10.73	15.58	20.28	23.47	22.47	17.77	12.84	5.82	-0.07
19	대관	23	-2.78	-1.58	3.52	9.68	14.92	19.69	23.02	22.15	17.34	12.52	5.50	-0.38
19	대관	24	-3.10	-1.89	2.72	8.69	14.33	18.98	22.68	21.86	17.24	12.25	5.25	-0.71
20	추풍	1	-3.19	-2.13	2.31	7.93	13.77	18.38	22.39	21.58	16.87	11.77	4.93	-1.00
20	추풍	2	-3.53	-2.30	1.84	7.28	13.08	18.12	22.30	21.36	16.63	11.46	4.87	-1.15
20	추풍	3	-3.79	-2.59	1.43	6.60	12.77	17.58	22.11	21.25	16.43	11.07	4.59	-1.40
20	추풍	4	-4.18	-2.93	1.08	6.17	12.21	17.32	21.94	20.97	16.01	10.67	4.19	-1.48
20	추풍	5	-4.56	-2.97	0.71	5.79	11.65	17.13	21.78	20.86	15.69	10.42	4.01	-1.75
20	추풍	6	-4.71	-3.16	0.35	5.50	11.63	17.18	21.86	20.87	15.48	10.08	3.57	-1.99
20	추풍	7	-4.94	-3.39	-0.08	5.97	12.80	18.24	22.51	21.48	15.91	10.01	3.34	-2.24
20	추풍	8	-5.18	-3.02	1.03	7.83	14.78	19.37	23.34	22.67	17.50	11.49	4.01	-2.37
20	추풍	9	-4.14	-1.74	3.19	10.00	16.47	20.59	24.29	23.99	19.33	13.75	5.97	-1.22
20	추풍	10	-2.71	-0.46	5.18	11.63	18.15	21.57	25.17	24.98	20.81	15.83	7.87	0.36
20	추풍	11	-1.45	0.64	6.80	12.99	19.81	22.61	25.99	26.02	22.00	17.36	9.31	1.52
20	추풍	12	-0.27	2.02	8.37	14.32	20.97	23.45	26.32	26.71	22.70	18.58	10.56	2.40
20	추풍	13	0.59	3.15	9.16	15.39	21.82	24.02	27.00	26.99	23.23	19.27	11.16	3.16
20	추풍	14	1.10	3.76	9.88	15.86	22.47	24.32	27.10	27.52	23.78	19.74	11.81	3.63
20	추풍	15	1.38	3.89	10.29	16.24	22.81	24.88	27.27	27.28	23.91	19.89	11.83	3.91
20	추풍	16	1.23	3.75	10.32	16.32	22.75	24.96	27.21	27.07	23.83	19.60	11.45	3.54
20	추풍	17	0.54	3.03	9.71	15.93	22.14	24.65	26.82	26.60	23.10	18.73	10.35	2.71
20	추풍	18	-0.42	1.86	8.49	15.11	21.36	24.12	26.34	25.62	21.72	16.31	8.77	1.87
20	추풍	19	-1.06	0.84	7.01	13.71	19.71	22.92	25.57	24.43	19.99	14.77	7.68	1.22
20	추풍	20	-1.68	-0.04	5.72	12.50	18.09	21.59	24.55	23.48	18.98	13.94	6.77	0.82
20	추풍	21	-2.01	-0.65	5.00	11.48	16.65	20.75	23.95	23.02	18.26	13.23	6.25	0.42
20	추풍	22	-2.57	-1.21	4.08	10.73	15.58	20.28	23.47	22.47	17.77	12.84	5.82	-0.07
20	추풍	23	-2.78	-1.58	3.52	9.68	14.92	19.69	23.02	22.15	17.34	12.52	5.50	-0.38
20	추풍	24	-3.10	-1.89	2.72	8.69	14.33	18.98	22.68	21.86	17.24	12.25	5.25	-0.71
