지역코드	지역명	방향	각도	1월	2월	3월	4월	5월	6월	7월	8월	9월	10월	11월	12월
01	춘천	수평	0˚	55.46	65.21	129.20	89.00	126.46	99.71	73.69	66.39	69.24	71.46	56.05	42.95
01	춘천	남	30˚	99.84	101.48	166.56	95.54	124.07	93.40	70.58	70.86	82.92	104.19	95.93	82.10
01	춘천	남	45˚	112.49	109.76	168.67	89.15	110.30	80.79	61.85	65.90	81.45	110.36	106.65	93.87
01	춘천	남	60˚	117.47	110.56	159.29	76.80	89.32	62.98	49.20	56.51	74.43	109.01	110.10	99.25
01	춘천	남	90˚	103.62	90.02	109.35	37.80	32.76	18.17	16.17	27.26	46.02	84.62	94.78	89.81
01	춘천	남동	30˚	85.59	91.98	152.14	92.85	125.94	94.39	73.03	66.17	83.16	98.68	84.58	70.15
01	춘천	남동	45˚	92.54	96.70	149.31	86.32	114.47	83.01	65.66	59.94	81.95	102.82	90.62	76.99
01	춘천	남동	60˚	93.22	94.98	137.94	75.42	96.89	67.32	54.76	50.89	75.52	100.26	90.61	78.76
01	춘천	남동	90˚	76.11	73.59	92.69	43.89	50.77	30.79	26.58	26.92	49.44	76.58	73.15	66.49
01	춘천	남서	30˚	83.81	85.27	150.65	89.56	115.98	89.90	65.39	68.67	70.34	85.75	79.58	67.75
01	춘천	남서	45˚	89.84	87.07	147.16	81.91	101.04	77.58	56.17	63.46	64.46	85.15	83.84	73.72
01	춘천	남서	60˚	90.00	83.50	135.70	70.35	82.19	61.76	44.73	54.75	55.53	79.22	82.39	74.73
01	춘천	남서	90˚	72.61	61.29	90.90	39.16	39.14	26.67	19.22	30.14	30.53	54.45	63.98	61.75
01	춘천	동	30˚	51.68	63.66	116.91	81.60	118.78	91.02	70.21	56.77	70.16	73.41	53.62	40.98
01	춘천	동	45˚	47.48	58.99	104.76	72.63	105.93	79.18	62.40	48.46	64.58	69.41	49.37	38.14
01	춘천	동	60˚	41.79	52.43	90.42	61.78	89.44	64.81	51.87	39.23	56.10	62.49	43.90	34.38
01	춘천	동	90˚	28.29	35.53	57.13	37.09	52.34	35.46	29.33	20.58	34.88	42.56	29.40	23.80
01	춘천	서	30˚	49.20	55.06	115.16	76.98	104.63	84.68	59.58	60.32	53.09	56.50	47.70	38.00
01	춘천	서	45˚	44.41	48.39	102.94	66.71	87.75	71.41	49.25	52.84	43.16	48.03	42.10	34.45
01	춘천	서	60˚	39.21	41.13	88.45	55.33	70.07	56.64	38.29	43.74	33.31	39.81	35.53	30.06
01	춘천	서	90˚	25.87	25.40	55.13	31.74	37.13	28.29	17.57	24.30	16.04	24.01	22.35	20.41
01	춘천	북서	30˚	17.16	26.53	76.14	63.14	94.22	79.22	55.07	49.63	38.60	30.34	18.35	10.84
01	춘천	북서	45˚	7.47	13.58	51.00	46.14	70.11	61.36	40.77	37.21	23.28	16.14	7.90	4.10
01	춘천	북서	60˚	3.62	7.21	33.11	31.43	47.47	42.56	26.94	25.40	12.60	8.89	3.61	1.80
01	춘천	북서	90˚	1.22	2.82	13.95	14.01	19.44	16.26	8.81	10.64	3.64	3.64	1.15	0.59
01	춘천	북동	30˚	18.14	31.74	77.30	66.60	104.82	84.28	63.30	47.10	50.89	41.40	21.47	12.37
01	춘천	북동	45˚	7.99	18.66	51.84	50.59	84.29	68.05	51.70	33.96	37.69	27.21	10.51	4.95
01	춘천	북동	60˚	3.67	11.18	33.97	35.90	62.41	49.68	38.22	22.19	25.91	17.53	5.52	2.11
01	춘천	북동	90˚	1.15	4.85	15.00	16.84	29.33	22.28	18.08	8.61	11.39	7.74	1.95	0.64
01	춘천	북	30˚	1.39	12.63	57.24	58.62	94.97	79.66	57.14	44.13	37.00	20.03	3.89	0.00
01	춘천	북	45˚	0.06	0.04	15.38	36.83	68.85	61.05	42.66	28.04	16.49	0.61	0.00	0.00
01	춘천	북	60˚	0.09	0.05	0.07	12.57	38.03	38.27	25.27	10.04	0.72	0.02	0.00	0.00
01	춘천	북	90˚	0.14	0.07	0.01	0.88	3.67	4.79	2.81	0.53	0.10	0.02	0.00	0.00
02	강릉	수평	0˚	55.51	74.72	94.36	116.94	124.84	116.69	70.32	66.56	89.78	87.01	49.19	53.99
02	강릉	남	30˚	99.79	115.28	123.21	129.60	122.16	107.64	66.86	69.71	109.41	125.93	83.31	102.56
02	강릉	남	45˚	112.39	124.36	125.41	122.84	108.42	92.31	58.32	64.25	108.26	133.06	92.36	117.09
02	강릉	남	60˚	117.33	124.96	119.05	107.83	87.59	71.16	45.99	54.56	99.74	131.11	95.12	123.64
02	강릉	남	90˚	103.43	101.15	83.00	57.40	31.65	19.49	14.31	25.20	63.37	101.16	81.43	111.59
02	강릉	남동	30˚	84.01	100.39	111.73	118.68	116.96	105.03	62.77	64.03	99.08	109.48	72.32	84.11
02	강릉	남동	45˚	90.24	103.67	109.81	109.22	103.29	90.68	53.80	57.39	94.76	110.31	76.91	91.01
02	강릉	남동	60˚	90.50	100.31	101.92	94.57	85.12	72.49	43.28	48.18	85.38	104.08	76.27	91.89
02	강릉	남동	90˚	73.05	75.27	69.11	53.89	42.51	32.94	20.92	24.80	54.10	74.19	60.85	75.60
02	강릉	남서	30˚	85.29	101.12	111.58	126.59	121.43	108.85	68.60	69.99	102.46	113.37	70.75	88.33
02	강릉	남서	45˚	91.92	104.49	109.50	119.82	109.16	95.76	61.71	65.30	99.10	115.95	74.87	97.11
02	강릉	남서	60˚	92.56	101.48	101.49	106.66	91.56	78.34	51.71	57.08	89.86	110.78	73.89	99.28
02	강릉	남서	90˚	75.39	76.51	68.68	64.75	47.74	37.57	27.03	32.66	57.90	80.98	57.99	83.68
02	강릉	동	30˚	49.86	67.04	84.87	99.08	107.45	100.39	58.00	55.21	78.05	75.88	45.82	46.77
02	강릉	동	45˚	45.09	60.56	76.12	85.39	92.26	85.78	48.77	46.66	68.89	67.38	42.21	42.01
02	강릉	동	60˚	39.45	53.12	65.87	70.65	75.72	69.75	39.85	37.44	58.33	57.74	37.41	37.10
02	강릉	동	90˚	26.24	34.74	41.68	40.94	43.16	38.74	22.56	20.13	34.73	36.58	24.80	24.76
02	강릉	서	30˚	51.22	68.23	84.72	109.73	113.21	105.84	66.07	63.34	82.24	80.76	43.89	52.05
02	강릉	서	45˚	46.92	61.98	75.86	99.17	99.79	93.02	59.02	57.13	73.38	73.24	39.42	48.71
02	강릉	서	60˚	41.78	54.35	65.48	85.20	83.94	77.51	50.22	48.64	62.98	64.07	33.98	43.65
02	강릉	서	90˚	28.01	35.43	41.51	52.15	48.86	44.39	30.71	29.18	39.79	42.27	22.76	30.70
02	강릉	북서	30˚	18.12	34.08	55.04	86.42	100.54	98.74	59.75	52.63	58.41	45.04	17.65	15.89
02	강릉	북서	45˚	7.99	19.30	36.63	65.51	79.54	80.22	48.78	41.32	40.82	27.75	8.55	6.45
02	강릉	북서	60˚	3.78	11.14	23.97	46.42	58.25	59.92	36.90	29.78	27.59	17.08	4.58	2.94
02	강릉	북서	90˚	1.17	4.24	10.31	21.76	26.76	28.06	18.35	14.13	12.92	6.68	1.83	0.90
02	강릉	북동	30˚	17.44	33.44	55.10	78.70	96.50	94.76	53.95	46.55	55.52	41.95	18.98	13.79
02	강릉	북동	45˚	7.65	19.00	36.64	55.89	73.89	74.74	40.82	33.54	38.07	24.73	9.36	5.21
02	강릉	북동	60˚	3.54	11.02	23.90	37.33	52.35	53.79	28.92	22.21	24.75	14.56	4.69	2.07
02	강릉	북동	90˚	0.99	4.49	10.11	16.77	23.92	24.71	12.93	9.19	9.56	5.43	1.85	0.57
02	강릉	북	30˚	1.59	15.15	40.23	72.95	94.12	94.78	55.01	45.57	46.10	25.11	4.16	0.01
02	강릉	북	45˚	0.00	0.00	9.03	42.63	68.49	73.64	41.39	30.00	18.73	0.75	0.00	0.00
02	강릉	북	60˚	0.00	0.00	0.01	10.35	38.18	47.47	24.95	12.37	0.89	0.00	0.00	0.00
02	강릉	북	90˚	0.00	0.00	0.00	0.75	3.67	6.94	2.52	1.06	0.06	0.00	0.00	0.00
03	서울	수평	0˚	57.90	70.05	90.05	71.21	103.22	105.21	44.46	45.95	56.39	73.52	40.83	39.11
03	서울	남	30˚	101.59	106.37	115.71	77.72	101.16	96.89	42.55	48.53	67.38	106.56	68.62	72.80
03	서울	남	45˚	113.70	114.16	117.02	73.09	89.84	83.02	37.24	44.96	66.12	112.64	75.91	82.71
03	서울	남	60˚	118.06	114.18	110.37	63.51	72.63	63.90	29.50	38.42	60.39	111.05	78.02	86.99
03	서울	남	90˚	102.89	91.39	75.45	32.40	26.29	17.36	9.43	18.30	37.25	85.79	66.52	77.87
03	서울	남동	30˚	84.87	92.48	101.79	74.62	97.62	95.03	41.58	43.78	63.76	92.75	59.93	60.33
03	서울	남동	45˚	90.08	94.98	98.12	69.25	86.39	82.27	36.41	39.16	61.56	93.45	63.63	65.11
03	서울	남동	60˚	89.15	91.16	88.80	60.14	71.41	66.26	29.37	33.11	56.13	88.54	63.11	65.52
03	서울	남동	90˚	69.75	67.01	56.70	33.98	35.58	30.54	13.26	17.67	36.64	63.38	49.84	53.26
03	서울	남서	30˚	88.18	93.82	108.18	72.29	99.43	97.60	41.70	49.57	61.47	95.95	57.87	62.47
03	서울	남서	45˚	94.73	96.60	106.75	66.13	88.65	85.66	36.62	46.76	58.48	98.10	60.90	68.13
03	서울	남서	60˚	94.86	93.05	98.85	56.82	73.92	69.73	29.59	41.22	52.61	93.89	59.80	69.20
03	서울	남서	90˚	76.26	68.65	66.34	31.02	37.38	32.95	13.15	24.57	33.09	68.65	46.19	57.43
03	서울	동	30˚	48.90	62.08	75.86	64.33	89.77	91.34	38.90	37.13	52.31	64.37	37.78	33.79
03	서울	동	45˚	41.88	54.90	65.36	56.26	77.24	78.67	33.12	31.61	47.47	57.29	34.18	29.64
03	서울	동	60˚	33.94	46.64	54.29	46.69	63.30	64.47	26.49	25.71	41.40	49.14	29.86	25.08
03	서울	동	90˚	19.58	28.82	31.21	26.33	34.99	36.04	13.52	13.98	26.67	30.70	19.21	15.36
03	서울	서	30˚	53.09	63.55	84.15	61.18	92.19	94.76	39.09	45.05	49.33	68.33	35.50	36.48
03	서울	서	45˚	47.03	56.69	75.60	52.52	80.31	82.93	33.35	41.02	43.72	61.93	31.35	33.04
03	서울	서	60˚	40.31	48.57	64.83	42.77	66.50	68.80	26.55	35.63	37.32	54.24	26.48	28.64
03	서울	서	90˚	24.24	30.35	40.52	22.90	37.59	39.45	13.70	22.84	23.26	35.39	16.37	18.37
03	서울	북서	30˚	18.61	32.19	55.92	49.57	82.17	88.63	35.74	37.04	35.88	38.09	14.31	10.99
03	서울	북서	45˚	6.88	17.56	37.69	35.44	64.17	71.79	27.87	29.38	25.11	23.52	6.28	3.84
03	서울	북서	60˚	2.38	9.65	24.39	23.13	46.17	53.31	19.30	21.87	17.13	14.44	2.85	1.38
03	서울	북서	90˚	0.29	3.47	9.93	8.85	20.78	25.23	7.67	11.57	8.01	6.04	0.79	0.33
03	서울	북동	30˚	16.31	31.37	50.19	51.86	80.35	86.14	35.61	31.08	38.00	35.53	15.43	9.79
03	서울	북동	45˚	5.45	16.73	31.35	38.12	61.74	68.42	27.68	22.20	27.59	20.75	7.25	3.17
03	서울	북동	60˚	1.59	8.76	18.72	25.73	43.60	49.91	19.28	14.69	19.45	11.95	3.62	1.08
03	서울	북동	90˚	0.20	2.94	6.41	10.74	18.90	22.81	7.30	5.94	9.28	4.67	1.16	0.24
03	서울	북	30˚	1.72	15.60	40.27	45.61	77.62	85.65	34.46	31.05	30.30	21.13	3.53	0.01
03	서울	북	45˚	0.00	0.00	10.97	27.64	56.35	66.67	25.72	20.12	13.66	0.64	0.00	0.00
03	서울	북	60˚	0.00	0.00	0.03	8.06	31.23	43.14	15.22	7.83	1.38	0.00	0.00	0.00
03	서울	북	90˚	0.00	0.00	0.00	0.28	2.76	6.43	1.34	0.81	0.16	0.00	0.00	0.00
04	인천	수평	0˚	67.88	68.11	67.39	101.54	129.20	91.27	56.66	68.11	83.78	66.12	42.29	44.57
04	인천	남	30˚	122.12	105.10	85.48	111.55	125.69	83.96	53.55	70.58	101.50	93.28	72.08	84.68
04	인천	남	45˚	137.57	113.39	86.01	105.30	111.24	71.91	46.59	64.63	100.19	97.69	80.05	96.69
04	인천	남	60˚	143.65	113.94	80.67	92.00	89.58	55.31	36.67	54.49	92.07	95.45	82.56	102.10
04	인천	남	90˚	126.68	92.25	54.25	48.10	31.81	15.01	11.44	24.33	58.00	72.04	70.91	92.17
04	인천	남동	30˚	103.95	92.11	73.90	106.85	125.76	84.13	55.27	73.30	97.33	83.24	63.37	71.39
04	인천	남동	45˚	112.20	95.54	70.44	99.68	112.96	73.74	49.76	68.97	94.88	83.77	67.76	77.95
04	인천	남동	60˚	112.81	92.55	63.06	87.35	94.71	60.14	41.44	60.66	87.14	79.24	67.71	79.37
04	인천	남동	90˚	91.86	69.79	39.28	51.10	48.90	28.32	20.51	35.46	57.48	56.26	54.44	66.27
04	인천	남서	30˚	103.31	91.48	82.11	104.70	120.11	82.95	50.46	62.48	90.19	82.98	60.13	70.99
04	인천	남서	45˚	110.99	94.35	81.64	96.52	105.50	71.91	43.35	54.68	85.05	83.57	63.42	77.40
04	인천	남서	60˚	111.32	91.07	76.16	83.34	86.63	57.72	34.56	44.64	75.83	78.91	62.46	78.71
04	인천	남서	90˚	90.48	68.00	52.28	47.00	42.49	26.03	15.26	21.61	46.61	55.84	48.61	65.54
04	인천	동	30˚	62.72	62.20	55.08	91.92	118.21	81.75	53.61	67.78	79.85	59.76	40.34	41.36
04	인천	동	45˚	57.70	56.34	47.15	81.35	104.29	71.63	47.91	62.23	72.91	53.56	37.36	38.27
04	인천	동	60˚	50.86	49.07	39.05	68.72	87.46	59.50	40.27	54.18	63.68	46.19	33.56	34.29
04	인천	동	90˚	34.93	32.30	22.90	40.26	51.03	33.26	23.29	33.05	40.49	29.35	22.87	23.67
04	인천	서	30˚	61.41	61.13	65.74	88.69	110.29	79.77	46.72	53.05	70.31	59.36	36.59	40.88
04	인천	서	45˚	56.12	54.98	60.38	76.51	94.21	68.61	39.07	43.12	60.82	53.00	32.63	37.60
04	인천	서	60˚	50.10	47.72	53.02	63.26	76.71	55.93	31.00	33.45	50.77	45.77	28.15	33.53
04	인천	서	90˚	33.92	30.87	34.80	37.10	42.45	30.95	15.93	17.24	30.10	28.92	18.44	23.11
04	인천	북서	30˚	21.80	30.27	44.51	71.16	99.49	75.11	43.57	45.67	50.37	34.41	14.53	12.43
04	인천	북서	45˚	9.79	16.76	31.50	51.20	75.95	59.83	33.00	31.42	33.57	21.14	6.85	5.10
04	인천	북서	60˚	4.81	9.50	21.48	34.59	53.35	43.40	22.63	19.72	21.49	12.72	3.44	2.21
04	인천	북서	90˚	1.56	3.57	9.34	15.48	23.35	20.10	9.20	7.87	9.20	5.01	1.17	0.71
04	인천	북동	30˚	22.28	31.05	37.17	73.31	105.44	76.62	48.69	56.65	57.12	34.63	16.54	12.70
04	인천	북동	45˚	10.12	17.47	23.57	54.49	83.93	62.00	40.09	45.82	41.59	21.32	8.42	5.18
04	인천	북동	60˚	4.84	10.01	14.54	37.76	61.73	46.17	30.14	34.34	28.93	12.94	4.54	2.29
04	인천	북동	90˚	1.63	3.80	5.51	15.84	29.09	21.08	14.37	16.40	13.04	5.20	1.60	0.77
04	인천	북	30˚	1.92	13.84	31.25	64.34	98.12	74.38	44.75	47.39	43.62	21.49	3.22	0.01
04	인천	북	45˚	0.00	0.01	9.55	38.42	71.89	57.95	33.96	31.76	18.33	1.47	0.00	0.00
04	인천	북	60˚	0.00	0.02	0.04	10.59	40.75	37.57	20.86	13.97	1.17	0.00	0.00	0.00
04	인천	북	90˚	0.00	0.02	0.01	0.88	4.27	5.70	2.81	1.14	0.13	0.00	0.00	0.00
05	원주	수평	0˚	57.76	70.01	93.92	102.14	117.89	112.75	47.81	53.23	71.63	71.30	40.88	43.73
05	원주	남	30˚	103.72	107.19	120.83	111.43	115.57	105.06	45.30	55.78	86.61	101.82	69.17	81.83
05	원주	남	45˚	116.79	115.35	122.27	104.82	102.61	90.49	39.44	51.39	85.43	107.09	76.66	93.09
05	원주	남	60˚	121.89	115.65	115.37	91.20	82.91	69.99	31.01	43.59	78.44	105.06	78.93	98.01
05	원주	남	90˚	107.40	93.11	79.00	46.84	29.84	19.09	9.41	19.95	49.28	80.15	67.54	87.92
05	원주	남동	30˚	86.88	93.60	110.29	106.14	111.08	101.63	45.69	54.03	81.81	90.72	57.83	67.43
05	원주	남동	45˚	93.14	96.61	107.87	98.47	98.19	87.25	40.47	49.26	79.17	91.72	60.69	72.74
05	원주	남동	60˚	93.17	93.36	99.16	85.75	80.64	69.17	33.27	42.04	71.95	86.94	59.52	73.27
05	원주	남동	90˚	74.78	69.86	65.53	49.22	39.00	29.99	15.98	22.91	46.20	62.28	46.24	59.77
05	원주	남서	30˚	89.18	93.96	109.15	105.52	113.80	105.52	43.37	52.81	78.34	90.05	60.93	70.48
05	원주	남서	45˚	96.23	96.82	106.37	97.45	101.35	92.33	37.39	47.87	74.56	90.88	65.25	77.10
05	원주	남서	60˚	96.96	93.57	97.56	84.69	84.16	74.68	29.77	40.68	66.88	85.75	65.13	78.50
05	원주	남서	90˚	79.24	69.79	63.92	48.18	41.89	34.08	12.96	21.76	41.76	60.61	52.25	65.53
05	원주	동	30˚	51.22	63.13	84.39	91.29	101.98	96.20	43.71	47.80	66.36	64.67	35.30	37.94
05	원주	동	45˚	46.24	56.92	74.82	80.07	87.19	81.07	38.26	41.65	59.50	58.15	31.71	33.74
05	원주	동	60˚	40.26	49.68	63.69	67.00	70.56	64.49	31.51	34.55	51.10	50.20	27.57	29.18
05	원주	동	90˚	26.76	32.40	38.49	38.74	37.89	33.13	17.37	19.90	32.34	31.68	17.71	18.41
05	원주	서	30˚	53.78	63.49	83.03	90.34	105.51	101.81	40.47	46.25	61.93	63.32	39.30	41.40
05	원주	서	45˚	49.35	57.45	73.10	79.09	91.65	88.31	33.96	39.93	54.27	55.99	36.31	38.06
05	원주	서	60˚	44.17	50.17	61.59	65.89	75.43	72.15	26.82	32.95	45.64	48.05	32.18	33.57
05	원주	서	90˚	29.92	32.51	36.61	37.79	41.96	39.37	13.91	17.91	26.84	30.79	22.32	22.73
05	원주	북서	30˚	19.13	32.15	54.91	72.86	94.22	94.88	37.62	38.89	44.35	35.82	16.31	12.68
05	원주	북서	45˚	8.60	18.24	35.68	53.44	73.51	76.37	28.87	28.84	30.10	21.44	8.44	4.95
05	원주	북서	60˚	4.01	10.49	22.07	36.39	52.43	55.64	19.85	19.69	19.34	12.90	4.64	2.15
05	원주	북서	90˚	1.07	4.10	8.34	16.05	22.86	24.32	8.17	7.81	7.56	4.98	1.74	0.65
05	원주	북동	30˚	17.94	31.89	55.91	73.41	91.38	90.54	40.00	40.18	47.63	36.79	14.42	11.42
05	원주	북동	45˚	7.80	18.08	36.71	54.12	69.87	70.48	32.16	30.27	33.74	22.36	6.77	4.00
05	원주	북동	60˚	3.45	10.34	23.03	37.04	48.53	49.28	23.44	21.07	23.10	13.00	3.30	1.35
05	원주	북동	90˚	1.06	3.87	9.39	16.35	19.98	19.59	10.04	9.48	10.89	4.56	1.24	0.31
05	원주	북	30˚	1.54	14.94	41.85	65.48	88.66	90.52	37.62	36.41	37.46	21.94	3.62	0.02
05	원주	북	45˚	0.00	0.00	11.19	39.73	64.36	69.65	28.45	23.94	15.90	0.90	0.00	0.00
05	원주	북	60˚	0.00	0.00	0.04	11.84	35.68	44.03	17.35	9.84	1.00	0.00	0.00	0.00
05	원주	북	90˚	0.00	0.00	0.01	0.89	2.94	4.84	1.81	0.59	0.13	0.00	0.00	0.00
06	청주	수평	0˚	41.79	54.59	79.13	99.99	118.81	98.74	60.17	60.46	70.58	71.57	59.72	45.89
06	청주	남	30˚	73.02	81.98	99.89	108.98	116.05	91.47	56.29	62.88	82.62	100.26	99.14	84.48
06	청주	남	45˚	81.63	87.68	100.31	102.45	102.91	78.54	48.73	57.69	80.32	104.74	109.29	95.72
06	청주	남	60˚	84.68	87.40	93.89	89.04	83.01	60.50	38.05	48.68	72.57	102.08	111.99	100.43
06	청주	남	90˚	73.65	69.41	62.73	45.46	29.38	15.92	11.10	21.91	43.08	76.56	94.84	89.47
06	청주	남동	30˚	62.26	69.36	88.46	103.07	113.25	93.11	55.14	62.68	75.37	87.40	83.58	70.19
06	청주	남동	45˚	66.57	70.23	84.89	95.19	100.51	81.70	48.03	57.82	70.29	86.97	87.36	75.54
06	청주	남동	60˚	66.40	66.52	76.68	82.42	82.83	66.22	38.82	49.76	61.08	81.27	85.36	75.92
06	청주	남동	90˚	53.04	47.50	48.64	46.39	39.88	30.25	18.16	27.67	34.14	56.09	65.38	61.58
06	청주	남서	30˚	62.28	74.70	93.79	103.79	113.12	87.65	56.46	57.89	77.73	91.14	87.12	72.56
06	청주	남서	45˚	66.45	77.57	92.00	95.97	99.82	74.56	49.64	51.75	73.48	92.16	92.51	78.93
06	청주	남서	60˚	66.28	75.38	84.92	83.31	81.76	58.44	40.45	43.42	64.56	87.17	91.63	80.00
06	청주	남서	90˚	53.13	56.90	56.95	47.18	39.23	24.77	19.48	22.17	37.46	61.88	72.18	66.09
06	청주	동	30˚	38.02	45.67	67.19	88.31	104.87	90.43	52.37	56.59	60.03	61.85	51.43	40.21
06	청주	동	45˚	34.47	39.57	58.23	76.87	90.39	78.88	45.06	50.20	50.15	54.29	45.42	35.73
06	청주	동	60˚	30.03	33.35	48.56	63.61	73.46	64.75	36.71	42.41	39.62	45.65	38.73	30.96
06	청주	동	90˚	20.17	20.50	28.57	36.01	39.31	35.24	20.43	24.90	19.57	26.92	23.80	19.65
06	청주	서	30˚	37.91	52.80	74.01	89.19	104.38	82.79	54.14	50.18	63.22	66.13	56.14	43.11
06	청주	서	45˚	34.55	48.63	66.99	78.04	89.33	69.03	47.12	42.48	54.19	59.35	51.14	39.47
06	청주	서	60˚	30.55	42.82	58.13	65.00	72.37	54.29	39.02	34.02	44.04	51.26	44.40	34.56
06	청주	서	90˚	20.10	27.87	36.61	37.16	39.27	27.27	22.29	17.49	23.24	32.69	29.07	23.00
06	청주	북서	30˚	14.35	27.94	50.41	72.06	93.80	78.57	50.01	42.68	47.34	38.78	23.98	13.95
06	청주	북서	45˚	6.42	16.67	35.13	53.04	72.39	60.70	40.12	30.82	32.01	23.93	11.81	5.53
06	청주	북서	60˚	3.04	9.71	23.44	36.10	50.65	41.91	29.50	20.07	19.55	14.63	6.04	2.22
06	청주	북서	90˚	0.92	3.64	9.97	15.55	21.25	16.26	13.70	7.55	6.33	6.03	2.05	0.68
06	청주	북동	30˚	14.40	23.41	45.57	71.25	93.89	84.19	48.69	47.63	45.00	36.07	21.38	12.77
06	청주	북동	45˚	6.81	12.37	29.21	52.04	72.87	68.46	38.40	36.90	29.07	21.30	9.58	4.75
06	청주	북동	60˚	3.37	6.71	18.00	35.01	51.18	50.38	27.67	26.44	16.84	11.80	4.47	1.87
06	청주	북동	90˚	1.10	2.60	6.91	14.71	20.65	22.04	12.39	12.53	4.46	3.67	1.39	0.46
06	청주	북	30˚	2.15	13.06	37.17	64.20	89.74	79.60	48.03	41.84	39.62	23.89	6.34	0.17
06	청주	북	45˚	0.00	0.00	11.90	39.04	65.40	61.46	36.77	27.87	19.50	2.10	0.00	0.00
06	청주	북	60˚	0.00	0.00	0.06	11.58	36.62	39.14	23.01	12.01	1.70	0.00	0.00	0.00
06	청주	북	90˚	0.00	0.00	0.00	0.68	3.07	4.11	2.93	0.87	0.08	0.00	0.00	0.00
07	대전	수평	0˚	63.09	69.20	93.79	129.86	112.08	98.48	51.38	63.28	96.43	78.75	57.62	53.64
07	대전	남	30˚	110.52	104.71	118.29	141.07	108.79	89.53	49.15	64.76	113.46	111.00	95.20	97.91
07	대전	남	45˚	123.64	112.27	118.74	132.42	96.19	76.17	43.01	58.98	110.57	116.22	104.81	110.70
07	대전	남	60˚	128.34	112.17	111.10	114.87	77.29	58.01	34.03	49.31	100.17	113.52	107.28	115.95
07	대전	남	90˚	111.77	89.57	74.14	58.27	26.79	14.66	10.54	21.12	60.07	85.62	90.61	102.91
07	대전	남동	30˚	92.93	91.24	105.83	131.21	107.91	89.30	48.05	59.33	106.79	99.13	81.02	83.85
07	대전	남동	45˚	99.06	93.63	102.02	119.98	96.12	77.39	41.87	52.22	101.83	99.84	84.82	90.83
07	대전	남동	60˚	98.55	89.82	92.60	103.18	79.73	62.25	33.49	43.00	91.47	94.41	83.01	91.79
07	대전	남동	90˚	78.25	65.98	59.67	57.95	39.72	28.74	14.83	22.30	57.05	67.25	63.84	75.39
07	대전	남서	30˚	95.42	92.32	110.32	137.00	105.04	89.69	48.15	66.17	104.20	98.62	83.04	81.82
07	대전	남서	45˚	102.30	94.95	108.17	128.04	92.24	78.05	42.15	61.92	98.30	99.36	87.89	88.03
07	대전	남서	60˚	102.45	91.47	99.74	112.45	75.38	63.25	34.05	54.45	87.26	93.82	86.79	88.34
07	대전	남서	90˚	82.88	67.87	66.52	66.03	36.04	29.37	15.42	32.05	52.66	66.57	67.95	71.31
07	대전	동	30˚	56.06	61.55	81.11	111.58	101.02	87.02	45.00	51.57	87.60	71.29	50.65	49.72
07	대전	동	45˚	50.48	54.77	71.11	96.37	88.06	75.51	38.10	43.19	77.94	63.94	45.11	44.95
07	대전	동	60˚	43.72	47.13	60.08	79.93	72.70	62.18	30.30	35.28	66.27	55.16	38.85	39.48
07	대전	동	90˚	29.13	30.17	36.30	46.30	40.98	35.38	15.79	20.77	39.55	35.66	24.58	25.85
07	대전	서	30˚	58.72	63.11	87.07	119.58	96.83	87.51	45.14	61.43	84.31	70.81	53.42	47.16
07	대전	서	45˚	54.09	57.00	78.60	106.68	82.67	76.35	38.49	56.44	73.65	63.61	48.47	42.01
07	대전	서	60˚	48.38	49.44	67.91	90.66	67.00	63.37	30.83	49.32	61.55	55.15	42.14	36.11
07	대전	서	90˚	32.58	31.39	42.97	54.49	36.22	35.42	15.75	30.70	35.98	34.91	27.55	22.98
07	대전	북서	30˚	22.43	32.59	59.39	96.40	87.44	82.72	41.35	51.75	62.59	41.40	22.96	15.22
07	대전	북서	45˚	10.55	18.39	41.16	72.95	67.24	67.01	32.22	42.06	43.51	25.78	11.25	5.65
07	대전	북서	60˚	5.20	10.09	27.50	51.39	47.15	49.92	22.47	31.85	28.52	15.54	5.65	2.01
07	대전	북서	90˚	1.65	3.51	11.96	23.28	19.78	23.04	8.33	15.24	12.16	6.18	1.93	0.59
07	대전	북동	30˚	20.97	31.62	55.12	90.55	90.68	82.50	41.33	44.79	64.87	41.26	21.56	16.38
07	대전	북동	45˚	9.54	17.63	36.17	65.62	71.42	66.63	32.18	32.35	46.23	25.29	10.40	6.53
07	대전	북동	60˚	4.55	9.87	22.93	44.70	51.40	49.36	22.33	22.35	30.73	15.70	5.26	2.55
07	대전	북동	90˚	1.41	3.67	9.38	19.78	22.83	23.61	8.99	10.95	12.82	6.56	1.85	0.57
07	대전	북	30˚	3.04	15.90	44.17	83.86	85.34	81.31	39.93	44.84	53.55	25.65	6.54	0.35
07	대전	북	45˚	0.00	0.01	14.24	51.37	62.68	64.01	29.87	30.66	25.82	1.66	0.06	0.00
07	대전	북	60˚	0.00	0.00	0.08	15.67	35.74	42.35	17.77	14.39	1.82	0.00	0.07	0.00
07	대전	북	90˚	0.00	0.00	0.01	1.05	3.35	6.55	1.40	1.21	0.15	0.00	0.09	0.00
08	대구	수평	0˚	73.01	67.69	111.80	117.48	131.11	102.74	57.66	47.67	77.09	69.15	55.67	64.80
08	대구	남	30˚	126.13	102.08	139.87	127.45	126.66	93.41	53.39	48.76	89.84	97.29	91.21	117.91
08	대구	남	45˚	140.59	109.32	139.94	119.56	111.51	79.48	45.92	44.42	87.15	101.79	100.17	133.21
08	대구	남	60˚	145.46	109.12	130.46	103.63	89.04	60.47	35.48	37.14	78.55	99.36	102.31	139.43
08	대구	남	90˚	125.81	86.91	86.10	52.31	29.86	15.05	9.85	15.99	46.24	74.81	86.00	123.58
08	대구	남동	30˚	107.97	90.53	128.81	120.86	121.58	95.25	53.13	47.37	83.68	82.81	78.18	100.94
08	대구	남동	45˚	115.05	93.31	125.03	111.92	106.59	83.50	46.28	42.90	79.20	81.86	81.84	109.21
08	대구	남동	60˚	114.58	90.11	114.39	97.49	86.92	67.78	37.65	36.31	70.30	75.72	79.93	110.19
08	대구	남동	90˚	91.05	67.18	74.52	56.44	41.70	31.28	18.00	19.32	42.33	51.27	61.45	90.46
08	대구	남서	30˚	107.49	88.74	127.09	121.80	126.13	91.44	52.91	47.03	83.72	90.49	79.24	98.69
08	대구	남서	45˚	114.24	90.64	122.59	112.97	112.29	78.40	46.32	42.59	79.29	92.65	83.43	106.21
08	대구	남서	60˚	113.63	86.97	111.53	98.53	92.91	62.11	37.70	36.11	70.50	88.65	81.94	106.58
08	대구	남서	90˚	90.09	63.83	71.65	57.39	46.50	27.44	17.74	19.24	43.00	64.67	63.43	86.07
08	대구	동	30˚	66.46	62.26	101.09	104.42	112.53	93.66	51.10	42.60	68.50	57.25	49.45	59.98
08	대구	동	45˚	60.07	56.53	90.00	92.00	96.05	82.37	44.42	37.05	59.99	49.30	44.20	54.65
08	대구	동	60˚	52.62	49.85	76.85	77.59	77.96	68.51	36.96	30.65	50.19	40.95	37.94	48.74
08	대구	동	90˚	34.74	33.03	47.07	46.70	42.57	38.68	21.03	17.89	30.06	24.66	23.68	32.76
08	대구	서	30˚	65.70	60.16	98.90	105.42	118.48	88.14	50.87	42.16	68.86	67.23	50.60	57.64
08	대구	서	45˚	59.47	54.12	87.34	93.44	103.58	75.15	44.24	36.77	60.87	61.80	45.41	51.96
08	대구	서	60˚	52.26	47.09	73.95	79.20	86.13	60.65	36.41	30.55	51.27	54.34	39.01	45.04
08	대구	서	90˚	33.99	30.20	44.77	47.55	48.98	32.84	20.62	17.13	30.02	35.60	25.41	29.58
08	대구	북서	30˚	25.55	31.35	68.14	85.23	106.76	84.03	47.44	36.08	51.64	39.58	21.88	19.31
08	대구	북서	45˚	11.75	18.06	45.83	63.87	84.67	66.69	37.92	27.49	36.79	25.37	10.85	7.73
08	대구	북서	60˚	5.52	10.21	29.57	44.94	61.63	48.11	27.78	19.37	24.34	15.65	5.56	2.96
08	대구	북서	90˚	1.56	3.73	12.01	20.70	27.71	21.11	12.83	8.20	9.68	6.10	1.86	0.82
08	대구	북동	30˚	25.79	32.55	69.53	84.49	102.29	88.21	47.75	36.51	51.41	32.94	21.44	20.39
08	대구	북동	45˚	11.93	19.25	47.20	62.90	78.59	72.43	38.23	27.84	36.12	18.92	10.12	8.59
08	대구	북동	60˚	5.83	11.46	30.58	43.98	55.18	54.44	28.35	19.56	23.87	10.79	4.72	3.76
08	대구	북동	90˚	1.66	4.38	12.40	20.45	23.44	25.54	13.15	9.21	10.41	4.04	1.40	0.94
08	대구	북	30˚	4.58	15.93	53.79	76.05	100.44	84.75	46.49	33.80	43.70	22.69	6.73	0.74
08	대구	북	45˚	0.00	0.05	18.52	46.74	74.18	66.68	35.90	23.13	21.89	1.63	0.00	0.00
08	대구	북	60˚	0.00	0.01	0.10	14.39	42.86	44.06	22.86	10.88	1.87	0.00	0.00	0.00
08	대구	북	90˚	0.00	0.01	0.00	0.92	3.66	6.51	2.95	1.03	0.11	0.00	0.00	0.00
09	전주	수평	0˚	48.89	60.39	85.01	103.36	106.76	71.23	59.98	74.61	69.24	65.88	45.88	29.49
09	전주	남	30˚	84.08	89.20	107.30	111.33	102.89	64.60	55.24	75.08	82.10	91.87	75.13	53.63
09	전주	남	45˚	93.60	94.89	107.74	104.14	90.52	54.83	47.39	67.76	80.31	95.82	82.51	60.58
09	전주	남	60˚	96.74	94.12	100.83	89.99	72.17	41.49	36.62	55.92	73.08	93.23	84.26	63.41
09	전주	남	90˚	83.48	73.82	67.36	44.86	23.97	9.83	10.23	22.66	44.51	69.62	70.80	56.19
09	전주	남동	30˚	71.35	78.88	99.45	106.50	100.51	62.45	53.68	68.39	74.68	83.33	62.42	44.55
09	전주	남동	45˚	75.77	80.70	97.28	98.37	88.53	53.11	46.23	59.52	70.46	84.01	64.55	47.75
09	전주	남동	60˚	75.09	77.23	89.24	85.42	72.65	41.90	37.13	48.27	62.78	79.47	62.45	47.84
09	전주	남동	90˚	59.08	56.52	58.55	49.54	35.53	18.56	18.71	23.32	38.65	56.51	46.62	38.53
09	전주	남서	30˚	72.40	78.30	96.47	106.75	101.00	66.48	56.87	77.32	78.32	80.61	67.19	46.25
09	전주	남서	45˚	77.09	79.66	93.04	98.71	89.17	58.11	51.28	71.72	75.51	80.43	71.52	50.18
09	전주	남서	60˚	76.64	75.91	84.39	86.12	73.35	47.36	43.31	62.16	68.69	75.28	71.07	50.78
09	전주	남서	90˚	60.92	54.90	54.04	50.78	35.93	22.43	23.17	34.59	44.53	52.43	56.53	41.81
09	전주	동	30˚	43.61	54.67	78.01	92.46	93.80	60.05	51.28	59.77	59.82	60.87	37.88	25.76
09	전주	동	45˚	39.04	49.07	69.75	81.55	80.85	50.86	44.12	49.35	52.39	54.95	32.90	23.05
09	전주	동	60˚	33.39	42.40	59.56	69.15	66.35	40.99	37.09	39.12	44.21	47.73	27.79	20.18
09	전주	동	90˚	21.29	27.04	36.45	42.61	36.94	22.19	23.47	20.61	27.35	30.96	17.18	13.13
09	전주	서	30˚	44.45	53.98	73.91	92.86	94.43	65.67	55.89	72.51	64.84	57.58	44.93	27.95
09	전주	서	45˚	40.14	48.22	64.66	82.41	81.72	57.96	50.76	65.94	58.98	51.21	41.84	25.83
09	전주	서	60˚	35.18	41.40	54.22	70.55	67.26	48.59	44.04	56.76	51.53	43.87	36.76	22.98
09	전주	서	90˚	22.71	26.04	32.21	43.60	37.46	28.35	27.54	34.01	32.96	27.00	24.02	15.54
09	전주	북서	30˚	17.23	28.97	50.28	75.69	85.50	62.01	51.33	62.24	47.56	34.15	20.30	9.69
09	전주	북서	45˚	7.78	16.67	33.05	57.13	67.04	51.19	42.65	50.52	34.98	20.93	10.40	4.19
09	전주	북서	60˚	3.72	9.53	20.54	40.96	48.23	38.88	33.34	37.91	24.73	12.31	5.23	1.79
09	전주	북서	90˚	1.05	3.62	7.93	19.40	21.15	18.99	17.02	17.99	11.30	4.48	1.39	0.50
09	전주	북동	30˚	16.88	29.39	53.14	75.27	85.10	57.63	48.39	52.87	44.01	35.97	16.00	8.65
09	전주	북동	45˚	7.40	16.99	36.11	56.43	66.34	45.39	38.31	38.04	30.48	22.76	7.36	3.49
09	전주	북동	60˚	3.29	9.59	23.22	40.18	47.39	32.59	28.63	25.02	20.51	14.24	3.90	1.50
09	전주	북동	90˚	0.89	3.40	9.41	19.24	20.81	14.16	15.73	10.31	9.25	6.00	1.63	0.37
09	전주	북	30˚	3.14	15.81	39.96	67.70	82.03	58.92	48.73	54.15	37.82	22.42	5.72	0.40
09	전주	북	45˚	0.00	0.05	12.87	42.25	60.74	46.46	37.86	37.96	17.65	2.04	0.00	0.00
09	전주	북	60˚	0.00	0.00	0.08	13.98	35.32	30.83	24.41	19.18	1.68	0.00	0.00	0.00
09	전주	북	90˚	0.00	0.00	0.01	1.24	3.11	4.29	3.78	1.73	0.23	0.00	0.00	0.00
10	광주	수평	0˚	52.03	90.07	116.43	137.94	153.30	71.69	48.18	78.15	94.69	93.05	56.73	40.38
10	광주	남	30˚	89.59	133.74	145.43	147.99	145.78	64.68	44.32	78.52	111.17	129.28	91.93	72.54
10	광주	남	45˚	99.77	142.51	145.40	138.02	127.36	54.80	38.03	70.92	108.23	134.66	100.64	81.69
10	광주	남	60˚	103.15	141.58	135.45	118.74	100.54	41.43	29.38	58.74	97.94	130.87	102.49	85.27
10	광주	남	90˚	89.06	111.48	89.20	58.06	31.50	9.77	8.14	24.15	58.49	97.39	85.59	75.14
10	광주	남동	30˚	77.36	123.10	133.29	143.93	146.97	64.66	43.80	77.95	102.29	114.82	78.84	59.49
10	광주	남동	45˚	82.69	127.92	129.22	133.19	130.44	55.66	38.12	71.13	96.55	114.71	82.19	63.24
10	광주	남동	60˚	82.49	124.23	117.58	115.59	107.71	44.48	30.91	60.84	86.02	107.77	80.16	62.89
10	광주	남동	90˚	65.94	94.18	76.25	66.17	53.21	20.13	15.15	34.10	52.71	75.67	61.10	49.82
10	광주	남서	30˚	75.87	112.67	133.01	137.88	140.25	65.13	45.02	76.10	104.73	116.19	80.11	63.60
10	광주	남서	45˚	80.41	113.32	128.82	125.46	122.13	56.52	40.02	69.12	99.99	116.78	84.18	69.07
10	광주	남서	60˚	79.63	106.81	117.28	107.23	99.29	45.56	33.26	58.73	90.03	110.11	82.64	69.99
10	광주	남서	90˚	63.06	75.80	75.89	58.73	46.58	21.15	16.97	32.35	56.55	77.78	63.85	57.84
10	광주	동	30˚	48.54	88.04	104.33	126.29	140.18	63.51	42.10	71.60	83.03	83.13	50.28	34.14
10	광주	동	45˚	44.64	81.76	92.47	111.72	123.03	55.07	36.62	64.07	73.09	74.51	44.98	30.15
10	광주	동	60˚	39.52	73.15	78.84	94.34	102.39	45.26	30.67	55.08	61.81	64.18	38.84	26.22
10	광주	동	90˚	27.11	50.21	48.43	56.39	59.05	25.71	18.50	34.42	37.52	40.52	24.74	16.85
10	광주	서	30˚	46.45	75.61	104.04	118.12	130.89	63.78	43.95	69.47	86.45	84.65	52.12	39.50
10	광주	서	45˚	42.22	66.28	92.30	101.61	111.88	55.53	39.23	61.23	77.55	76.25	47.15	36.96
10	광주	서	60˚	37.32	56.08	78.41	83.43	90.83	46.01	33.42	51.93	66.55	66.27	41.06	33.28
10	광주	서	90˚	24.82	34.61	48.02	46.47	48.48	25.78	20.24	31.94	40.79	42.49	26.77	22.66
10	광주	북서	30˚	18.44	40.19	71.86	97.25	120.30	60.50	40.71	60.05	64.20	50.55	23.46	14.47
10	광주	북서	45˚	8.80	22.42	48.90	70.68	93.18	49.19	33.40	46.72	46.51	32.06	12.03	6.58
10	광주	북서	60˚	4.34	12.40	31.71	47.38	66.00	36.58	25.57	34.25	31.76	19.87	6.24	2.94
10	광주	북서	90˚	1.35	4.35	12.89	18.81	27.32	16.70	12.79	17.03	13.77	8.19	2.01	0.80
10	광주	북동	30˚	19.48	47.65	71.94	103.43	127.62	60.79	39.47	61.83	61.79	49.50	22.47	11.78
10	광주	북동	45˚	9.65	29.87	48.64	78.30	102.56	49.42	31.61	49.02	43.52	30.97	11.21	4.82
10	광주	북동	60˚	4.98	18.64	31.55	55.27	75.60	36.83	23.63	36.71	29.30	18.80	5.68	2.21
10	광주	북동	90˚	1.70	8.02	13.12	25.40	35.64	17.63	12.14	18.80	12.99	7.53	1.89	0.60
10	광주	북	30˚	3.73	23.28	56.26	90.93	119.75	59.82	39.18	56.86	52.85	32.14	7.89	1.05
10	광주	북	45˚	0.00	0.13	19.68	57.19	89.99	47.49	30.47	39.96	25.72	3.25	0.00	0.00
10	광주	북	60˚	0.00	0.02	0.19	19.58	54.11	31.93	19.68	20.33	2.56	0.00	0.00	0.00
10	광주	북	90˚	0.00	0.03	0.01	1.00	5.47	4.86	3.05	2.50	0.15	0.00	0.00	0.00
11	부산	수평	0˚	77.71	68.86	106.58	147.78	125.59	109.19	101.05	106.47	103.80	80.91	69.16	57.59
11	부산	남	30˚	134.08	102.43	133.87	159.30	119.60	99.86	94.02	108.04	121.83	112.34	113.68	104.55
11	부산	남	45˚	149.39	109.21	134.16	148.85	104.52	84.97	81.01	97.74	118.56	117.00	124.97	118.05
11	부산	남	60˚	154.52	108.55	125.30	128.31	82.69	64.44	62.66	80.81	107.24	113.68	127.75	123.50
11	부산	남	90˚	133.56	85.58	83.16	63.24	26.65	14.94	17.20	32.53	63.97	84.55	107.58	109.36
11	부산	남동	30˚	113.37	89.64	120.87	155.02	118.55	98.88	95.27	106.45	109.30	96.99	96.96	88.03
11	부산	남동	45˚	120.19	91.47	116.47	144.20	105.49	84.88	84.15	96.35	102.39	95.81	101.43	94.68
11	부산	남동	60˚	119.23	87.68	105.91	125.66	87.66	67.04	69.24	81.55	90.30	88.53	98.98	95.03
11	부산	남동	90˚	93.76	64.24	68.06	71.85	44.42	28.53	33.69	42.97	54.34	60.16	76.14	77.42
11	부산	남서	30˚	115.69	90.84	123.67	147.21	117.35	98.92	90.86	101.23	117.46	103.41	99.09	89.06
11	부산	남서	45˚	123.41	93.00	120.25	133.31	103.48	84.85	78.10	89.12	113.28	105.01	104.66	96.34
11	부산	남서	60˚	123.09	89.52	110.15	112.76	84.86	67.05	62.34	73.27	102.41	99.69	103.10	97.16
11	부산	남서	90˚	98.10	66.32	72.06	60.16	42.18	28.92	28.32	36.52	65.71	71.67	80.46	79.46
11	부산	동	30˚	68.79	61.58	93.50	136.03	112.55	95.58	92.25	97.00	87.40	68.14	60.93	51.85
11	부산	동	45˚	61.62	55.38	82.39	120.47	99.12	81.42	81.34	85.13	75.79	59.04	54.60	48.05
11	부산	동	60˚	53.93	48.62	69.70	101.26	83.25	65.25	68.10	70.80	63.25	49.43	47.35	44.13
11	부산	동	90˚	34.96	32.23	41.68	58.49	48.71	33.91	38.72	40.40	37.57	30.98	30.78	30.83
11	부산	서	30˚	71.56	63.29	96.91	124.95	110.33	95.52	86.06	89.56	98.35	76.94	64.14	53.73
11	부산	서	45˚	65.24	57.81	86.40	106.21	95.82	81.35	73.05	75.39	89.22	70.43	58.52	49.91
11	부산	서	60˚	57.82	51.05	73.93	85.97	79.56	65.29	59.01	60.60	77.56	61.94	51.08	44.67
11	부산	서	90˚	38.20	33.81	45.84	46.80	46.43	33.84	32.42	32.64	49.80	40.17	33.97	32.29
11	부산	북서	30˚	28.14	34.01	66.38	102.77	100.76	90.85	80.85	78.54	73.06	46.23	28.35	19.13
11	부산	북서	45˚	13.25	20.68	45.17	73.40	79.48	72.48	63.11	57.92	53.90	30.35	14.59	9.43
11	부산	북서	60˚	6.37	12.34	29.45	48.07	57.95	52.09	45.03	39.07	37.99	18.76	7.42	4.21
11	부산	북서	90˚	1.61	4.85	12.20	19.30	27.54	21.02	20.03	15.09	17.84	6.87	2.32	1.13
11	부산	북동	30˚	26.66	32.90	64.06	110.82	102.29	90.89	85.30	83.91	65.24	40.08	26.29	18.73
11	부산	북동	45˚	12.14	19.67	42.84	83.73	81.68	72.58	69.32	65.24	44.99	23.53	12.99	8.72
11	부산	북동	60˚	5.68	11.92	27.20	58.04	60.61	52.04	51.90	46.60	29.49	14.01	6.46	4.11
11	부산	북동	90˚	1.36	4.68	10.32	24.15	28.53	21.52	23.57	19.62	11.90	5.38	2.14	1.10
11	부산	북	30˚	4.85	17.54	50.72	96.67	97.99	89.29	81.00	76.37	57.97	27.96	8.42	1.25
11	부산	북	45˚	0.00	0.11	16.89	60.22	73.57	69.75	62.25	52.89	28.25	2.60	0.00	0.00
11	부산	북	60˚	0.00	0.00	0.08	19.68	44.13	45.46	39.25	25.81	2.62	0.00	0.00	0.00
11	부산	북	90˚	0.00	0.00	0.00	0.62	5.06	4.40	4.18	0.87	0.12	0.00	0.00	0.00
12	목포	수평	0˚	46.80	60.19	84.53	128.26	140.85	66.91	79.26	90.61	84.47	93.26	63.76	29.89
12	목포	남	30˚	79.76	87.44	104.82	137.41	134.24	60.46	73.45	91.95	98.75	128.90	103.84	52.88
12	목포	남	45˚	88.58	92.51	104.48	128.07	117.44	51.17	63.14	83.28	95.96	134.02	113.85	59.31
12	목포	남	60˚	91.36	91.27	97.02	110.12	92.87	38.55	48.87	69.12	86.65	130.00	116.10	61.70
12	목포	남	90˚	78.48	70.63	63.24	53.73	29.45	8.69	13.49	28.45	51.36	96.27	97.25	53.98
12	목포	남동	30˚	69.70	76.26	96.96	130.01	132.23	58.55	77.49	90.99	92.18	115.88	88.54	44.51
12	목포	남동	45˚	74.55	77.13	94.13	119.03	116.48	49.30	69.56	82.97	87.37	116.05	92.29	47.49
12	목포	남동	60˚	74.36	72.91	85.61	101.93	95.66	38.15	57.83	70.77	78.08	109.43	90.07	47.39
12	목포	남동	90˚	59.51	51.82	55.48	56.52	47.15	16.08	28.57	39.30	48.06	77.56	68.71	37.80
12	목포	남서	30˚	67.01	78.25	95.38	132.22	132.25	62.22	68.57	87.22	91.91	114.88	90.89	45.43
12	목포	남서	45˚	70.61	79.74	91.89	122.27	116.71	54.62	58.19	78.40	87.05	114.86	95.76	48.80
12	목포	남서	60˚	69.45	76.00	83.16	106.16	96.36	44.42	45.54	66.07	77.67	107.96	94.32	48.94
12	목포	남서	90˚	54.29	55.15	52.96	60.24	47.99	20.30	19.14	35.39	47.64	75.86	73.28	39.46
12	목포	동	30˚	44.41	52.67	76.73	112.48	124.69	56.44	76.51	83.01	75.72	85.06	56.07	26.57
12	목포	동	45˚	41.00	46.46	68.29	97.57	108.34	47.23	68.89	73.89	67.14	77.07	50.22	23.69
12	목포	동	60˚	36.32	39.62	58.26	80.79	89.60	37.46	58.53	62.99	56.98	67.29	43.62	20.47
12	목포	동	90˚	25.14	24.62	35.78	46.89	51.80	20.06	34.43	38.46	34.40	43.84	27.98	12.81
12	목포	서	30˚	40.77	55.47	74.60	115.74	124.81	61.56	64.04	78.34	75.34	83.72	59.29	27.50
12	목포	서	45˚	36.71	50.00	65.79	102.24	108.83	54.37	53.04	67.98	66.56	75.44	54.07	24.76
12	목포	서	60˚	32.22	43.04	55.45	85.83	90.48	45.28	41.64	56.63	56.34	65.79	47.64	21.73
12	목포	서	90˚	21.09	27.25	33.51	49.76	51.71	24.83	21.06	33.18	33.83	42.36	31.56	14.12
12	목포	북서	30˚	16.43	30.78	52.05	94.87	113.68	58.08	60.84	67.75	56.30	50.54	26.76	9.91
12	목포	북서	45˚	7.76	18.26	35.31	71.63	90.05	48.03	46.19	51.50	39.95	32.40	14.09	4.21
12	목포	북서	60˚	3.74	10.54	22.70	49.83	65.86	36.29	31.62	36.58	26.82	20.32	7.54	1.89
12	목포	북서	90˚	1.15	3.73	9.16	21.33	29.74	16.13	12.54	16.54	11.44	8.46	2.50	0.56
12	목포	북동	30˚	18.26	29.03	53.46	92.48	113.72	54.64	70.32	71.47	56.60	51.17	24.84	9.56
12	목포	북동	45˚	9.32	16.62	36.58	68.16	90.00	43.07	59.02	56.10	40.43	33.07	12.43	3.84
12	목포	북동	60˚	4.85	9.20	23.77	46.60	65.58	30.61	45.45	41.29	27.30	21.01	6.33	1.52
12	목포	북동	90˚	1.67	3.35	9.86	20.98	30.71	13.60	22.02	20.10	11.83	8.86	2.02	0.37
12	목포	북	30˚	3.80	17.16	41.60	84.76	109.72	55.59	64.04	65.01	47.55	32.97	8.62	1.02
12	목포	북	45˚	0.00	0.22	15.33	53.47	82.25	43.98	49.54	45.04	23.52	3.49	0.03	0.00
12	목포	북	60˚	0.00	0.00	0.17	18.54	49.18	29.38	31.66	22.00	2.50	0.02	0.04	0.00
12	목포	북	90˚	0.00	0.00	0.01	1.08	4.93	3.98	4.19	1.54	0.15	0.03	0.04	0.00
13	서산	수평	0˚	52.10	74.61	66.82	115.05	118.72	92.04	54.12	71.96	82.35	70.15	39.90	39.76
13	서산	남	30˚	92.22	113.51	83.90	125.35	115.05	84.18	51.26	73.32	98.21	99.53	66.62	73.97
13	서산	남	45˚	103.45	121.91	84.07	117.83	101.64	71.83	44.63	66.55	96.28	104.45	73.57	84.02
13	서산	남	60˚	107.63	122.00	78.50	102.39	81.64	54.88	35.11	55.45	87.82	102.25	75.49	88.35
13	서산	남	90˚	94.20	97.80	52.07	52.34	28.74	14.19	10.67	23.46	53.92	77.57	64.14	79.06
13	서산	남동	30˚	80.01	99.69	74.12	120.75	113.44	81.80	50.91	73.77	91.66	88.80	55.64	62.23
13	서산	남동	45˚	86.45	102.99	70.91	112.35	101.15	70.09	44.67	68.09	87.68	89.57	58.09	67.48
13	서산	남동	60˚	87.03	99.41	63.60	97.93	84.36	55.67	36.19	58.87	79.04	84.88	56.82	68.31
13	서산	남동	90˚	71.11	74.42	39.69	56.58	42.96	24.79	16.83	33.71	49.63	60.63	43.51	56.30
13	서산	남서	30˚	76.94	99.07	79.38	117.23	112.31	85.87	50.02	68.16	90.48	88.29	59.01	62.55
13	서산	남서	45˚	81.87	101.76	78.12	107.90	99.81	75.53	43.62	60.87	86.04	89.06	62.99	67.92
13	서산	남서	60˚	81.37	97.85	72.18	93.19	83.15	61.69	35.28	51.01	77.20	84.36	62.76	68.80
13	서산	남서	90˚	64.90	72.71	48.35	52.25	42.24	29.01	15.84	26.78	47.64	60.18	50.16	56.80
13	서산	동	30˚	50.00	68.02	56.26	104.61	106.12	78.45	48.35	67.77	74.39	63.53	34.01	36.42
13	서산	동	45˚	46.66	61.61	48.49	92.36	92.98	66.76	41.69	61.24	66.07	57.10	30.17	33.39
13	서산	동	60˚	41.51	53.83	40.32	77.76	77.49	53.97	34.01	53.01	56.07	49.47	26.09	29.54
13	서산	동	90˚	28.47	35.93	23.68	46.17	45.20	29.31	18.45	32.73	33.49	31.76	16.79	19.74
13	서산	서	30˚	45.40	67.12	63.19	99.89	104.59	84.12	47.03	60.38	72.86	63.06	38.58	36.55
13	서산	서	45˚	40.74	60.71	57.26	86.51	91.27	74.16	40.19	51.77	64.27	56.60	35.86	33.47
13	서산	서	60˚	35.85	53.01	49.49	71.51	75.94	61.97	32.31	42.55	54.11	49.08	32.00	29.68
13	서산	서	90˚	24.02	34.64	31.25	40.72	43.57	35.19	16.74	24.71	31.71	31.03	21.81	20.19
13	서산	북서	30˚	16.47	34.35	43.28	80.72	93.95	78.86	43.40	52.20	53.15	36.37	16.67	11.72
13	서산	북서	45˚	7.41	19.81	30.11	58.57	73.53	64.59	33.86	38.83	37.08	22.39	8.79	4.91
13	서산	북서	60˚	3.85	11.40	19.90	39.41	53.40	48.58	23.82	27.01	24.22	13.51	4.70	2.21
13	서산	북서	90˚	1.36	4.35	8.23	16.36	24.52	22.86	9.60	12.48	10.34	5.26	1.71	0.71
13	서산	북동	30˚	19.03	34.83	38.48	84.24	95.11	74.66	44.52	57.76	54.20	36.44	14.15	11.78
13	서산	북동	45˚	8.97	20.26	24.84	62.90	75.08	58.85	35.34	46.00	38.07	22.39	6.82	4.73
13	서산	북동	60˚	4.22	11.87	15.50	43.75	54.83	42.33	25.42	34.55	25.08	13.74	3.55	2.00
13	서산	북동	90˚	1.45	4.46	6.18	19.74	26.10	18.77	11.03	16.90	10.87	5.86	1.26	0.57
13	서산	북	30˚	2.33	16.57	31.84	73.92	90.59	75.40	42.61	51.32	44.43	22.22	4.10	0.12
13	서산	북	45˚	0.00	0.00	10.58	44.98	66.66	58.99	32.25	35.33	20.20	1.02	0.00	0.00
13	서산	북	60˚	0.00	0.00	0.06	13.35	38.18	38.56	19.69	16.93	1.09	0.00	0.00	0.00
13	서산	북	90˚	0.00	0.00	0.00	0.90	4.29	5.58	2.15	1.47	0.13	0.00	0.00	0.00
14	진주	수평	0˚	76.25	96.26	127.04	136.65	116.00	96.59	77.10	84.52	104.42	98.27	73.53	71.01
14	진주	남	30˚	132.02	143.60	157.78	147.41	111.51	87.78	72.16	85.45	123.37	136.93	120.15	127.69
14	진주	남	45˚	147.23	153.25	157.37	137.88	98.04	74.52	62.45	77.30	120.43	142.79	131.85	143.82
14	진주	남	60˚	152.40	152.47	146.25	119.04	78.08	56.38	48.67	64.00	109.29	138.91	134.58	150.15
14	진주	남	90˚	131.95	120.48	95.53	59.10	25.45	13.11	13.99	26.12	65.95	103.66	112.94	132.38
14	진주	남동	30˚	112.63	127.21	144.25	141.60	110.65	85.95	75.24	86.36	112.32	118.69	102.22	107.81
14	진주	남동	45˚	120.03	130.69	139.14	130.69	97.75	73.29	67.59	79.21	105.93	117.51	106.63	115.70
14	진주	남동	60˚	119.58	125.86	126.33	113.33	79.42	57.58	55.94	68.07	94.00	109.01	103.86	116.01
14	진주	남동	90˚	95.13	93.50	80.95	65.02	36.60	24.65	27.78	38.35	56.94	74.19	79.49	93.91
14	진주	남서	30˚	112.82	125.41	144.76	138.95	108.06	88.83	67.57	79.35	116.78	125.44	105.28	108.79
14	진주	남서	45˚	120.09	127.83	139.81	127.63	94.46	77.16	57.33	70.08	112.06	127.09	111.18	117.23
14	진주	남서	60˚	119.56	122.33	127.20	110.44	76.27	61.79	45.27	58.39	101.08	120.42	109.55	117.85
14	진주	남서	90˚	95.28	89.53	82.05	62.86	34.45	27.87	19.87	30.37	64.26	85.73	85.49	95.56
14	진주	동	30˚	69.55	88.31	113.11	123.12	104.04	82.96	73.48	79.78	90.33	83.49	64.56	63.96
14	진주	동	45˚	63.43	80.35	100.04	108.39	89.48	70.26	65.59	71.55	78.83	72.51	57.70	57.98
14	진주	동	60˚	56.09	70.91	84.89	91.47	72.19	56.13	55.11	61.35	65.96	60.64	49.77	51.35
14	진주	동	90˚	37.95	46.88	51.54	55.23	38.37	29.80	32.37	38.26	39.78	36.41	31.74	34.03
14	진주	서	30˚	69.23	85.99	113.74	119.63	100.27	87.02	62.81	70.28	96.33	92.19	68.58	65.18
14	진주	서	45˚	63.34	77.40	100.98	104.78	85.10	75.61	52.15	59.91	86.62	83.35	62.54	59.50
14	진주	서	60˚	56.63	67.33	86.02	87.72	67.87	61.96	41.22	49.22	74.62	72.30	54.62	52.54
14	진주	서	90˚	38.23	43.90	52.39	50.67	34.00	34.05	21.42	27.96	46.27	46.16	36.47	35.43
14	진주	북서	30˚	27.26	45.60	79.09	97.61	91.41	82.39	59.24	61.45	71.05	54.79	30.50	23.07
14	진주	북서	45˚	13.28	26.74	54.10	72.17	70.54	67.15	44.83	45.60	51.41	34.49	15.84	10.10
14	진주	북서	60˚	6.67	15.87	35.15	49.61	48.69	49.71	30.83	31.69	35.15	20.92	8.43	4.35
14	진주	북서	90˚	2.06	6.21	14.01	20.68	17.88	21.98	12.41	13.75	14.94	7.78	2.97	1.30
14	진주	북동	30˚	27.40	47.15	78.64	100.42	94.40	79.41	67.03	68.62	66.85	48.90	28.30	22.60
14	진주	북동	45˚	13.26	28.34	53.31	75.31	74.40	63.00	55.58	54.67	46.39	28.66	13.91	9.66
14	진주	북동	60˚	6.55	16.84	34.48	53.17	52.51	45.02	41.97	40.78	30.67	16.29	6.92	4.21
14	진주	북동	90˚	1.81	6.45	13.90	24.98	21.92	19.20	19.99	20.32	13.10	5.53	2.28	0.97
14	진주	북	30˚	4.83	24.05	62.27	89.27	89.41	79.64	61.41	60.94	57.50	33.51	9.47	1.70
14	진주	북	45˚	0.03	0.09	22.75	55.51	66.40	62.63	46.94	42.44	27.26	2.99	0.00	0.00
14	진주	북	60˚	0.04	0.01	0.19	18.05	38.86	41.35	29.27	21.04	1.82	0.00	0.00	0.00
14	진주	북	90˚	0.05	0.01	0.01	0.96	3.36	5.09	3.21	1.61	0.07	0.00	0.00	0.00
15	포항	수평	0˚	78.63	79.82	89.48	117.86	138.15	95.95	88.49	91.29	62.45	63.90	57.93	62.41
15	포항	남	30˚	138.14	120.03	114.24	127.17	132.55	85.88	81.86	92.90	73.53	90.65	96.51	114.10
15	포항	남	45˚	154.66	128.44	115.25	118.95	116.31	72.47	70.41	84.39	71.67	95.13	106.50	129.05
15	포항	남	60˚	160.64	128.09	108.40	102.79	92.62	54.71	54.46	70.34	64.93	93.12	109.24	135.21
15	포항	남	90˚	140.09	101.82	73.50	51.34	30.84	13.21	15.24	29.79	38.98	70.63	92.69	120.10
15	포항	남동	30˚	117.60	105.59	102.97	117.33	129.48	84.36	80.32	87.01	66.89	80.62	82.70	94.94
15	포항	남동	45˚	125.70	108.33	99.90	107.03	114.59	72.76	69.75	77.57	63.14	81.40	87.10	101.96
15	포항	남동	60˚	125.60	104.35	91.60	91.78	94.35	58.40	56.45	64.80	55.94	76.84	85.57	102.16
15	포항	남동	90˚	100.51	77.30	60.14	51.16	45.86	26.33	26.58	34.06	33.52	54.68	67.08	82.75
15	포항	남서	30˚	117.65	105.34	105.21	125.20	131.20	89.26	82.55	93.48	69.98	80.52	83.50	98.09
15	포항	남서	45˚	125.72	107.82	103.04	117.50	116.38	78.55	72.69	86.36	67.20	81.34	88.47	106.62
15	포항	남서	60˚	125.69	103.82	95.21	103.41	95.79	64.51	59.65	74.88	60.50	76.69	87.40	107.93
15	포항	남서	90˚	100.63	76.68	63.84	61.68	47.05	31.75	28.63	42.97	38.36	54.25	69.04	89.03
15	포항	동	30˚	71.29	72.20	78.95	100.05	121.42	82.07	76.85	77.16	53.81	57.58	52.30	54.41
15	포항	동	45˚	64.77	65.20	70.03	86.33	105.37	71.00	66.26	65.90	46.72	51.52	47.80	48.92
15	포항	동	60˚	57.34	57.19	59.83	71.56	86.67	58.40	54.55	54.24	38.62	44.23	42.28	43.24
15	포항	동	90˚	38.05	37.30	36.76	42.27	48.26	32.69	30.33	32.17	22.80	28.15	28.88	28.85
15	포항	서	30˚	71.37	72.16	81.88	110.52	123.32	89.61	80.01	86.02	57.92	57.40	53.95	59.23
15	포항	서	45˚	64.85	65.27	73.67	99.72	107.38	80.41	70.40	77.76	51.98	51.14	49.90	54.99
15	포항	서	60˚	57.43	56.98	63.64	85.75	88.90	68.84	58.76	67.20	44.67	43.83	44.27	48.80
15	포항	서	90˚	38.11	36.76	39.98	53.22	50.20	42.38	33.65	41.39	27.71	27.97	30.17	33.28
15	포항	북서	30˚	26.77	37.91	54.93	89.40	111.76	85.08	74.36	73.22	42.84	33.04	23.62	20.32
15	포항	북서	45˚	12.30	22.09	37.45	68.88	88.40	71.49	60.30	58.38	30.94	20.06	12.45	8.63
15	포항	북서	60˚	5.85	12.85	24.58	49.69	64.10	56.08	45.10	43.69	21.16	12.04	6.69	3.62
15	포항	북서	90˚	1.49	4.92	10.45	23.46	29.12	30.11	21.60	21.00	9.50	4.62	2.46	0.95
15	포항	북동	30˚	26.79	37.78	52.90	81.81	110.24	78.54	71.97	66.74	39.96	32.96	22.39	18.08
15	포항	북동	45˚	12.27	22.03	35.32	59.45	86.46	62.97	57.04	49.73	27.41	19.97	11.71	7.49
15	포항	북동	60˚	5.85	12.88	22.72	40.82	62.18	46.51	41.58	34.92	17.76	11.79	6.57	3.49
15	포항	북동	90˚	1.53	5.06	9.58	18.49	27.57	21.83	18.97	16.87	7.39	4.44	2.58	0.97
15	포항	북	30˚	3.49	19.06	40.75	77.01	106.87	80.92	71.48	65.21	34.64	20.22	6.37	0.64
15	포항	북	45˚	0.00	0.03	11.75	47.89	79.63	64.78	55.29	44.97	16.67	0.91	0.00	0.00
15	포항	북	60˚	0.00	0.00	0.05	15.68	46.96	44.22	35.33	21.66	1.44	0.01	0.00	0.00
15	포항	북	90˚	0.00	0.00	0.00	1.21	5.23	8.87	4.88	2.10	0.10	0.01	0.00	0.00
16	제주	수평	0˚	20.67	50.89	83.72	117.36	150.40	91.26	103.12	108.45	110.64	69.91	33.39	22.35
16	제주	남	30˚	33.33	74.43	102.22	123.19	141.54	81.85	94.24	107.25	125.70	94.21	52.81	38.33
16	제주	남	45˚	36.44	78.92	101.22	113.75	122.79	68.91	80.22	95.78	120.53	97.04	57.41	42.64
16	제주	남	60˚	37.06	78.03	93.32	96.64	95.83	51.46	61.10	78.02	107.18	93.26	58.09	44.05
16	제주	남	90˚	30.86	60.72	59.43	44.64	27.58	10.40	15.07	29.36	59.97	67.33	47.80	37.96
16	제주	남동	30˚	29.43	65.83	94.61	120.00	146.00	85.51	97.77	108.90	119.40	91.09	46.32	32.47
16	제주	남동	45˚	30.99	66.97	91.22	110.39	130.22	74.59	86.32	99.61	112.48	92.85	48.29	34.36
16	제주	남동	60˚	30.47	63.64	82.45	95.00	107.66	59.70	70.75	84.92	99.50	88.67	47.13	34.00
16	제주	남동	90˚	23.64	45.52	52.70	53.10	52.87	26.22	34.61	46.39	59.02	64.13	36.08	26.58
16	제주	남서	30˚	28.27	65.48	93.82	117.56	133.27	78.19	90.07	100.84	116.28	78.38	45.45	33.08
16	제주	남서	45˚	29.30	66.45	89.98	106.97	113.59	65.37	77.16	88.77	108.05	75.28	47.10	35.22
16	제주	남서	60˚	28.35	63.02	81.06	91.48	89.57	50.19	61.32	73.08	94.30	67.98	45.68	35.06
16	제주	남서	90˚	21.16	45.04	51.21	50.23	39.11	19.35	27.20	36.81	54.31	42.68	34.28	27.79
16	제주	동	30˚	19.41	45.51	75.72	106.63	141.52	85.49	96.52	102.15	100.50	71.13	30.91	19.68
16	제주	동	45˚	17.71	40.07	67.53	94.12	125.61	75.19	85.85	91.94	88.79	66.37	28.47	17.40
16	제주	동	60˚	15.37	33.96	57.75	79.06	105.29	61.91	72.49	78.78	74.33	58.76	25.12	14.76
16	제주	동	90˚	9.68	21.39	35.16	46.42	60.42	34.05	43.46	47.83	43.16	38.37	16.12	8.80
16	제주	서	30˚	17.67	45.51	74.20	103.46	123.71	75.12	86.01	91.29	96.05	54.61	29.44	20.52
16	제주	서	45˚	15.38	40.41	65.29	90.32	102.80	62.23	73.00	77.76	83.01	45.54	26.12	18.36
16	제주	서	60˚	12.95	34.26	55.05	75.28	81.01	48.37	58.94	63.58	68.44	36.60	22.68	15.77
16	제주	서	90˚	7.94	20.67	33.58	44.06	41.11	22.72	31.60	36.42	38.46	19.91	15.07	9.66
16	제주	북서	30˚	7.77	24.86	52.75	86.85	115.88	73.22	81.95	81.29	74.48	33.83	13.75	7.97
16	제주	북서	45˚	3.67	14.13	35.96	65.47	88.13	57.12	64.08	61.39	52.35	19.03	7.37	3.27
16	제주	북서	60˚	1.84	7.46	23.10	45.97	60.35	39.64	45.80	43.03	34.17	10.16	4.24	1.45
16	제주	북서	90˚	0.59	2.07	9.57	21.02	23.26	14.38	19.37	19.55	13.45	3.47	1.55	0.35
16	제주	북동	30˚	8.89	24.67	53.93	88.92	129.32	81.26	90.30	89.21	77.59	44.69	15.03	7.55
16	제주	북동	45˚	4.38	13.76	37.82	67.92	106.19	68.00	75.09	72.15	56.31	30.63	8.22	2.94
16	제주	북동	60˚	2.05	7.58	25.08	47.88	79.73	51.53	57.60	54.22	37.39	19.63	4.12	1.27
16	제주	북동	90˚	0.56	2.61	10.30	21.48	36.80	23.53	28.73	26.09	15.38	8.12	1.22	0.34
16	제주	북	30˚	2.99	14.05	42.81	80.13	118.97	76.37	84.51	80.64	65.94	27.05	5.79	1.53
16	제주	북	45˚	0.00	0.15	17.38	52.57	90.39	60.76	66.13	57.91	35.99	4.34	0.00	0.00
16	제주	북	60˚	0.00	0.00	0.23	21.43	55.65	41.01	43.24	31.22	6.41	0.00	0.00	0.00
16	제주	북	90˚	0.00	0.00	0.01	1.63	5.01	4.97	5.37	2.80	0.21	0.00	0.00	0.00
17	안동	수평	0˚	66.47	67.32	98.30	80.98	152.58	119.64	72.63	58.22	72.31	59.60	35.31	57.47
17	안동	남	30˚	116.46	101.53	124.05	87.42	148.91	110.37	67.83	60.06	86.64	84.66	59.68	106.48
17	안동	남	45˚	130.30	108.74	124.55	81.85	131.94	94.61	58.67	54.93	85.11	88.88	66.11	120.84
17	안동	남	60˚	135.25	108.54	116.56	70.80	106.22	72.69	45.77	46.15	77.77	87.04	68.05	126.96
17	안동	남	90˚	117.79	86.46	77.84	35.48	37.11	19.07	13.30	20.23	48.07	66.10	58.18	113.42
17	안동	남동	30˚	100.07	90.20	114.01	82.67	144.16	111.85	66.98	60.22	83.36	78.35	51.69	91.25
17	안동	남동	45˚	107.25	93.10	111.07	76.40	127.22	97.99	58.37	55.56	80.68	80.12	54.90	99.29
17	안동	남동	60˚	107.34	90.11	102.18	66.63	104.35	79.35	47.25	48.03	72.99	76.58	54.37	100.75
17	안동	남동	90˚	86.22	67.74	67.65	39.18	50.52	36.02	22.15	27.32	46.20	55.61	43.46	83.71
17	안동	남서	30˚	98.39	88.16	112.58	84.72	146.08	106.99	67.50	55.62	76.69	72.05	50.84	88.50
17	안동	남서	45˚	104.75	90.01	108.99	79.32	129.47	91.58	59.25	49.42	71.87	71.75	53.88	95.58
17	안동	남서	60˚	104.34	86.46	99.75	70.12	106.17	72.16	48.28	41.27	63.08	66.83	53.24	96.22
17	안동	남서	90˚	82.89	63.65	65.25	42.64	51.75	30.91	22.79	21.68	37.06	45.96	41.97	78.27
17	안동	동	30˚	61.29	62.36	89.24	71.63	133.14	108.69	63.90	54.86	68.30	57.30	33.05	54.04
17	안동	동	45˚	55.62	57.05	80.13	63.55	114.10	94.76	55.10	49.12	60.81	52.22	30.70	49.78
17	안동	동	60˚	48.82	50.55	68.95	54.42	92.74	77.74	45.11	42.08	51.72	45.61	27.47	44.84
17	안동	동	90˚	32.37	33.84	42.93	34.64	50.36	42.38	25.36	26.03	32.49	30.12	18.83	30.61
17	안동	서	30˚	58.99	59.92	87.31	74.33	135.25	101.90	64.61	48.46	60.01	49.70	32.03	50.83
17	안동	서	45˚	53.04	54.03	77.76	67.34	116.35	85.91	56.12	41.08	51.16	43.04	29.28	45.93
17	안동	서	60˚	46.50	47.12	66.53	58.50	95.00	68.28	46.09	33.46	41.63	35.79	25.78	39.91
17	안동	서	90˚	29.95	30.63	40.93	36.91	52.20	35.27	25.82	18.80	22.45	20.94	17.81	26.71
17	안동	북서	30˚	21.97	31.30	59.47	60.00	121.30	96.56	59.78	41.58	43.70	28.25	13.37	16.11
17	안동	북서	45˚	9.57	18.16	40.45	46.23	94.31	75.59	47.74	30.38	28.89	15.92	6.90	6.38
17	안동	북서	60˚	4.29	10.69	26.41	33.81	66.55	53.22	34.77	20.57	17.60	8.41	3.84	2.61
17	안동	북서	90˚	1.22	4.35	11.20	16.35	28.13	21.71	15.61	8.58	5.12	2.39	1.60	0.76
17	안동	북동	30˚	22.99	32.67	60.76	58.22	119.88	101.58	59.42	46.39	49.61	32.93	14.04	17.82
17	안동	북동	45˚	10.46	19.60	41.53	43.92	92.29	82.48	47.13	36.54	34.92	20.77	7.34	7.48
17	안동	북동	60˚	4.88	11.78	27.09	31.94	64.66	60.68	34.19	27.02	23.46	13.08	3.98	3.23
17	안동	북동	90˚	1.31	4.79	11.62	16.60	26.76	26.65	15.61	13.17	10.19	5.70	1.55	0.82
17	안동	북	30˚	3.21	15.83	46.23	52.85	115.38	97.04	58.05	40.78	38.60	18.73	3.38	0.20
17	안동	북	45˚	0.00	0.02	14.90	32.83	84.20	75.31	44.50	27.54	17.16	1.15	0.00	0.00
17	안동	북	60˚	0.00	0.02	0.08	10.82	47.28	48.44	27.91	12.41	0.84	0.00	0.00	0.00
17	안동	북	90˚	0.00	0.02	0.00	0.92	3.60	5.93	3.59	0.96	0.02	0.00	0.00	0.00
18	수원	수평	0˚	52.04	72.91	101.11	103.49	110.63	92.07	63.12	67.63	59.95	68.09	58.00	45.87
18	수원	남	30˚	91.96	110.87	129.09	113.67	107.88	84.27	58.98	70.25	71.55	96.95	98.31	85.40
18	수원	남	45˚	103.12	119.05	130.22	107.25	95.61	71.92	50.94	64.47	70.17	101.87	109.01	97.02
18	수원	남	60˚	107.24	119.12	122.48	93.61	77.10	55.00	39.69	54.46	64.03	99.84	112.28	102.04
18	수원	남	90˚	93.79	95.45	83.06	48.68	27.59	14.43	11.62	24.61	39.38	75.97	96.16	91.34
18	수원	남동	30˚	77.13	96.41	116.79	108.37	105.54	81.19	61.09	69.31	66.14	85.87	82.37	71.43
18	수원	남동	45˚	82.36	99.04	113.75	100.64	93.88	69.53	54.79	63.91	63.12	86.44	86.51	77.31
18	수원	남동	60˚	81.99	95.07	104.17	87.77	77.98	55.36	45.96	55.34	56.87	81.73	85.04	78.04
18	수원	남동	90˚	65.25	69.95	68.39	50.56	39.57	24.84	23.69	31.49	35.85	57.93	66.00	63.91
18	수원	남서	30˚	79.37	97.82	118.25	106.67	105.40	86.58	55.85	66.10	66.62	86.39	86.23	72.61
18	수원	남서	45˚	85.31	100.85	115.53	98.40	93.72	76.48	47.97	59.78	63.76	87.32	92.21	78.98
18	수원	남서	60˚	85.59	97.35	106.06	85.23	77.91	62.92	38.38	50.62	57.56	82.65	91.96	80.05
18	수원	남서	90˚	69.45	72.57	70.09	48.17	39.33	30.45	17.91	27.23	36.54	58.88	73.61	66.12
18	수원	동	30˚	45.85	64.54	89.58	92.80	98.03	77.63	59.77	62.33	53.40	60.82	49.88	40.82
18	수원	동	45˚	41.08	57.07	79.27	81.47	85.25	65.99	53.89	55.67	47.41	54.10	44.48	36.59
18	수원	동	60˚	35.22	48.71	67.38	68.17	70.72	53.34	46.08	47.45	40.40	46.26	38.71	31.72
18	수원	동	90˚	23.19	31.21	40.81	39.43	40.40	29.20	28.14	28.72	24.87	28.83	24.98	20.45
18	수원	서	30˚	48.35	66.84	91.22	90.51	97.72	85.15	52.29	58.13	54.05	61.34	55.32	42.09
18	수원	서	45˚	44.26	60.46	81.11	78.45	84.89	75.62	44.15	50.10	48.22	54.78	51.08	38.16
18	수원	서	60˚	39.39	52.38	69.21	64.84	70.22	63.82	35.81	41.34	41.39	47.08	45.08	33.43
18	수원	서	90˚	26.28	32.81	42.97	36.85	39.90	37.24	19.97	24.05	25.60	29.50	30.64	22.13
18	수원	북서	30˚	17.84	34.28	61.12	72.63	87.42	79.61	49.09	49.23	39.39	35.03	22.97	12.96
18	수원	북서	45˚	8.04	19.20	40.86	52.45	68.10	65.63	37.66	36.55	27.88	21.03	11.73	4.92
18	수원	북서	60˚	3.85	10.34	26.45	35.05	48.94	49.96	26.68	25.34	18.94	12.34	6.15	1.92
18	수원	북서	90˚	1.12	3.58	11.20	14.74	22.16	24.39	12.06	11.67	8.61	4.68	2.02	0.51
18	수원	북동	30˚	16.44	32.41	59.96	74.26	87.73	73.92	54.81	52.38	38.88	34.56	19.94	12.47
18	수원	북동	45˚	7.10	17.61	39.55	54.54	68.52	57.92	45.42	40.62	27.30	20.65	9.26	4.56
18	수원	북동	60˚	3.14	9.94	24.98	37.26	49.47	41.55	35.00	29.45	18.47	12.10	4.63	1.59
18	수원	북동	90˚	0.95	3.95	9.84	16.00	22.61	18.64	17.84	14.01	8.26	4.69	1.60	0.35
18	수원	북	30˚	1.96	16.17	46.06	65.59	83.74	75.40	50.57	46.88	32.29	21.19	4.83	0.03
18	수원	북	45˚	0.00	0.00	13.41	39.19	61.16	58.98	38.85	31.30	14.63	0.90	0.00	0.00
18	수원	북	60˚	0.00	0.00	0.07	10.71	34.41	38.53	24.48	13.58	1.36	0.00	0.00	0.00
18	수원	북	90˚	0.00	0.00	0.01	0.60	3.45	5.77	3.35	1.25	0.12	0.00	0.00	0.00
19	대관	수평	0˚	76.52	81.68	90.90	113.47	130.63	119.65	89.85	68.47	79.34	76.10	62.46	63.66
19	대관	남	30˚	138.43	126.76	116.19	124.01	127.79	110.29	85.17	71.54	96.70	109.14	105.98	120.50
19	대관	남	45˚	156.17	136.98	117.27	116.75	113.42	94.54	74.30	65.85	95.69	114.95	117.54	137.46
19	대관	남	60˚	163.26	137.87	110.35	101.69	91.74	72.92	58.72	55.78	88.18	112.94	121.10	145.05
19	대관	남	90˚	144.33	112.04	74.95	52.48	33.32	19.91	18.80	25.47	56.07	86.47	103.77	130.74
19	대관	남동	30˚	115.55	110.59	104.66	113.60	122.14	104.72	83.63	66.86	88.90	98.46	89.92	101.76
19	대관	남동	45˚	124.02	114.62	101.71	103.74	107.81	89.23	73.68	59.96	85.54	100.22	94.91	110.97
19	대관	남동	60˚	124.28	111.33	93.43	88.95	88.87	70.42	60.37	50.42	77.47	95.52	93.46	112.81
19	대관	남동	90˚	100.10	84.35	61.88	49.22	44.20	30.91	28.87	26.67	49.79	69.44	73.38	94.15
19	대관	남서	30˚	119.07	110.61	107.02	121.99	127.51	114.61	84.53	70.44	89.52	95.14	91.91	100.96
19	대관	남서	45˚	128.82	114.30	104.89	114.97	114.64	101.98	74.74	64.96	86.38	95.98	97.92	110.02
19	대관	남서	60˚	130.08	110.97	97.15	101.74	96.20	84.44	61.53	56.12	78.28	90.54	97.25	111.63
19	대관	남서	90˚	106.63	83.63	65.72	61.36	49.70	41.61	29.85	31.50	50.59	64.26	77.28	92.46
19	대관	동	30˚	67.74	74.14	80.11	95.57	111.98	98.88	79.11	58.05	70.61	70.73	55.26	58.66
19	대관	동	45˚	61.02	67.59	71.21	81.81	95.99	82.90	68.59	49.27	62.69	64.22	49.74	53.73
19	대관	동	60˚	53.05	59.69	61.09	67.22	78.56	66.16	56.41	40.08	53.52	55.91	43.22	47.96
19	대관	동	90˚	34.46	39.41	38.49	38.72	43.94	35.56	31.23	22.60	33.59	36.53	27.65	32.50
19	대관	서	30˚	71.55	73.88	83.35	106.80	119.07	112.79	80.25	63.18	71.73	66.66	57.84	57.88
19	대관	서	45˚	65.58	67.09	75.50	96.31	105.04	100.81	69.98	56.14	64.30	59.09	52.56	52.93
19	대관	서	60˚	58.40	59.09	65.84	82.82	88.14	85.38	57.87	47.49	55.46	50.54	45.73	46.33
19	대관	서	90˚	39.42	39.11	42.03	50.88	51.30	50.33	32.56	27.86	34.64	31.80	30.50	31.33
19	대관	북서	30˚	24.81	36.47	55.85	85.35	105.76	104.50	73.36	52.89	51.00	37.56	23.24	17.20
19	대관	북서	45˚	10.97	20.77	38.65	65.12	83.84	86.71	58.31	40.83	36.04	22.13	11.21	6.53
19	대관	북서	60˚	5.26	12.27	26.00	46.46	61.42	66.31	42.49	29.27	24.53	12.90	5.75	2.88
19	대관	북서	90˚	1.54	4.91	11.38	21.41	28.72	32.41	19.61	13.07	10.95	4.97	2.07	0.88
19	대관	북동	30˚	23.14	36.90	53.42	77.13	100.52	94.07	72.49	49.17	50.14	40.12	22.24	17.80
19	대관	북동	45˚	9.50	21.15	35.57	55.05	76.65	72.52	57.24	35.72	34.59	24.92	10.32	6.99
19	대관	북동	60˚	3.98	12.19	23.37	37.12	53.95	50.81	41.41	24.07	23.17	15.47	5.12	3.00
19	대관	북동	90˚	1.07	4.62	10.22	16.35	23.82	22.22	18.71	10.47	10.26	6.47	1.93	0.84
19	대관	북	30˚	1.59	15.85	41.25	72.53	98.50	97.29	70.61	47.06	40.72	22.97	5.00	0.02
19	대관	북	45˚	0.00	0.00	11.73	43.83	71.69	75.66	53.35	31.10	16.53	1.14	0.05	0.00
19	대관	북	60˚	0.00	0.00	0.05	12.85	39.99	48.87	32.45	13.03	0.83	0.02	0.06	0.00
19	대관	북	90˚	0.00	0.00	0.00	0.99	4.08	7.26	4.37	0.98	0.09	0.02	0.07	0.00
20	추풍	수평	0˚	57.52	71.62	96.62	138.25	146.38	74.85	55.91	63.88	56.07	85.41	57.76	56.35
20	추풍	남	30˚	99.78	107.57	120.81	150.74	142.02	68.72	52.04	66.62	66.73	118.81	95.15	103.40
20	추풍	남	45˚	111.33	115.06	120.84	141.76	125.43	58.75	44.88	61.19	65.36	123.81	104.66	117.06
20	추풍	남	60˚	115.29	114.70	112.63	123.23	100.53	45.00	34.83	51.62	59.55	120.38	107.04	122.74
20	추풍	남	90˚	99.92	91.10	74.27	62.94	34.57	11.64	9.82	23.04	36.45	89.69	90.25	109.20
20	추풍	남동	30˚	84.88	94.20	107.58	140.42	138.05	68.05	52.07	61.86	61.17	105.53	81.36	86.57
20	추풍	남동	45˚	90.43	96.52	102.78	128.98	121.79	58.93	45.61	54.91	58.09	105.45	85.27	93.27
20	추풍	남동	60˚	89.96	92.54	92.30	111.65	100.02	47.01	37.10	45.31	51.95	98.80	83.47	93.85
20	추풍	남동	90˚	71.36	67.89	57.37	63.84	48.69	20.27	17.73	22.11	32.07	68.86	64.59	76.49
20	추풍	남서	30˚	85.46	94.55	113.02	146.03	139.53	68.56	51.08	65.31	62.81	106.63	82.78	88.23
20	추풍	남서	45˚	91.09	96.77	110.18	136.55	123.93	59.53	44.53	59.80	60.31	107.37	87.49	95.74
20	추풍	남서	60˚	90.76	92.86	100.95	120.11	102.15	47.82	36.24	50.93	54.35	101.29	86.25	96.83
20	추풍	남서	90˚	72.29	68.07	65.90	71.18	50.25	21.44	17.45	26.73	34.21	71.65	67.43	79.62
20	추풍	동	30˚	51.73	63.96	82.16	119.44	128.20	65.75	50.04	53.48	49.11	75.99	51.60	50.22
20	추풍	동	45˚	46.48	57.13	70.83	103.91	110.29	56.47	43.56	44.38	43.10	67.55	46.65	45.22
20	추풍	동	60˚	40.20	49.28	58.56	86.83	90.02	45.47	35.93	34.78	36.17	57.82	40.69	39.91
20	추풍	동	90˚	26.13	31.03	33.39	51.29	50.04	24.12	20.95	17.33	21.72	36.84	26.42	26.63
20	추풍	서	30˚	52.17	64.34	89.26	127.15	129.97	66.41	48.80	58.38	51.43	77.80	53.40	52.57
20	추풍	서	45˚	47.10	57.55	79.73	113.88	112.60	57.39	42.23	50.90	45.99	70.04	48.61	48.45
20	추풍	서	60˚	41.44	49.61	68.01	97.43	92.50	46.92	34.86	41.63	39.34	60.68	42.40	42.86
20	추풍	서	90˚	26.88	31.32	41.33	59.40	51.25	24.75	19.63	22.17	24.01	38.25	28.62	28.97
20	추풍	북서	30˚	19.96	33.38	61.50	102.11	116.77	62.58	45.53	49.19	37.64	46.33	23.29	17.71
20	추풍	북서	45˚	9.03	18.77	41.96	77.55	91.50	50.32	36.06	37.37	26.94	29.06	12.02	7.36
20	추풍	북서	60˚	4.25	10.40	27.06	55.28	65.34	36.77	26.29	25.38	18.23	17.34	6.57	3.02
20	추풍	북서	90˚	1.23	3.67	10.47	25.71	27.98	15.50	11.74	9.55	8.00	6.43	2.40	0.93
20	추풍	북동	30˚	19.63	33.36	56.54	96.45	115.81	62.09	46.48	45.75	35.94	44.98	22.49	16.52
20	추풍	북동	45˚	8.69	18.81	36.40	70.22	89.78	49.67	37.31	32.63	24.80	27.86	11.31	6.80
20	추풍	북동	60˚	3.93	10.33	22.13	48.08	63.57	35.87	27.51	20.75	16.19	17.19	5.73	2.98
20	추풍	북동	90˚	1.11	3.45	7.77	21.58	27.82	15.78	13.33	7.33	6.91	7.24	2.12	0.75
20	추풍	북	30˚	3.26	17.01	46.55	88.71	111.51	61.16	44.85	44.02	30.40	29.36	6.92	0.47
20	추풍	북	45˚	0.00	0.00	16.11	53.89	81.93	47.74	34.48	29.19	13.97	2.68	0.06	0.00
20	추풍	북	60˚	0.00	0.00	0.07	15.64	46.76	31.07	21.77	12.37	1.10	0.00	0.08	0.00
20	추풍	북	90˚	0.00	0.00	0.00	0.90	4.06	4.27	2.67	0.44	0.12	0.00	0.09	0.00
