지역코드	지역명	방향	각도	1월	2월	3월	4월	5월	6월	7월	8월	9월	10월	11월	12월
01	춘천	수평	0˚	45.28	54.09	64.33	87.69	97.04	114.68	112.36	96.92	92.62	68.03	43.56	37.60
01	춘천	남	30˚	70.41	75.66	78.40	98.53	100.29	115.70	117.19	106.42	106.94	88.74	64.58	62.25
01	춘천	남	45˚	78.87	82.08	81.85	98.30	97.00	110.03	112.49	104.55	107.58	93.95	71.36	70.91
01	춘천	남	60˚	83.75	84.90	82.52	94.27	90.75	100.80	103.55	98.38	103.71	95.12	74.98	76.22
01	춘천	남	90˚	81.67	79.20	75.58	75.81	71.38	75.09	76.04	74.99	83.74	85.34	71.98	75.56
01	춘천	남동	30˚	64.82	70.97	74.87	97.75	100.84	116.23	117.32	103.32	104.62	84.52	59.17	56.12
01	춘천	남동	45˚	71.24	75.92	77.68	97.92	98.85	111.99	113.61	101.22	104.83	88.35	63.76	62.25
01	춘천	남동	60˚	74.66	77.87	78.75	95.19	94.50	104.87	106.47	96.08	101.43	88.88	65.83	65.86
01	춘천	남동	90˚	71.73	72.60	74.56	81.22	80.37	84.92	85.26	78.08	84.62	80.16	62.35	64.10
01	춘천	남서	30˚	62.70	69.94	75.36	96.45	99.77	116.56	116.53	106.37	102.68	83.53	57.96	55.36
01	춘천	남서	45˚	67.97	74.31	78.33	96.25	97.45	112.54	112.99	105.20	102.32	87.34	62.36	61.33
01	춘천	남서	60˚	70.66	75.96	79.46	93.27	93.00	105.64	106.01	100.44	98.62	87.86	64.21	64.69
01	춘천	남서	90˚	67.29	70.51	75.19	79.08	78.80	85.42	84.66	81.71	81.89	79.32	60.40	62.59
01	춘천	동	30˚	50.62	59.25	66.94	92.23	99.11	115.76	115.27	97.50	96.01	73.15	46.46	42.61
01	춘천	동	45˚	52.84	61.05	68.43	91.77	97.37	112.20	111.73	94.53	94.38	74.14	47.65	44.75
01	춘천	동	60˚	54.00	61.81	69.31	89.45	94.21	106.56	105.96	89.83	90.79	73.61	48.22	46.10
01	춘천	동	90˚	52.91	59.16	67.93	79.36	83.48	90.85	89.33	76.28	78.19	67.90	46.32	45.35
01	춘천	서	30˚	48.36	58.26	67.60	90.29	97.38	116.06	114.17	101.72	93.62	72.09	45.38	41.99
01	춘천	서	45˚	49.67	59.75	69.19	89.20	95.16	112.73	110.61	99.82	91.42	73.01	46.30	43.98
01	춘천	서	60˚	50.38	60.10	70.01	86.37	91.58	107.15	104.69	95.41	87.50	72.60	46.50	45.01
01	춘천	서	90˚	48.50	56.72	68.65	76.13	81.07	90.77	87.65	80.94	74.70	67.09	44.71	44.06
01	춘천	북서	30˚	33.99	44.60	56.80	81.97	93.08	113.13	110.06	93.98	82.78	58.01	32.67	27.97
01	춘천	북서	45˚	32.33	42.28	54.71	77.06	87.86	106.86	103.18	88.27	76.53	54.84	30.84	27.10
01	춘천	북서	60˚	32.47	41.48	54.08	72.56	82.37	98.95	94.81	81.73	71.19	53.11	30.66	27.84
01	춘천	북서	90˚	33.89	41.27	54.83	64.86	73.13	83.02	78.65	69.27	61.62	50.82	31.82	29.78
01	춘천	북동	30˚	34.74	44.98	56.31	83.54	94.62	113.14	111.20	90.76	84.54	58.74	33.17	28.16
01	춘천	북동	45˚	33.49	43.02	54.22	79.16	89.79	106.76	104.48	84.17	78.58	55.44	31.36	27.45
01	춘천	북동	60˚	33.85	42.64	53.58	74.97	84.56	98.81	96.22	77.62	73.40	53.64	31.19	28.20
01	춘천	북동	90˚	35.54	42.63	54.45	67.28	74.96	83.61	80.44	66.32	63.81	51.12	32.14	30.08
01	춘천	북	30˚	26.40	35.79	49.83	78.59	92.35	112.57	109.34	89.31	77.88	49.07	25.36	21.76
01	춘천	북	45˚	27.91	32.89	42.12	69.94	85.43	105.11	101.12	80.20	66.46	42.15	25.84	23.72
01	춘천	북	60˚	29.76	34.79	41.26	59.64	76.01	93.96	89.06	68.32	57.59	43.30	27.57	25.55
01	춘천	북	90˚	32.68	37.35	46.98	55.87	63.54	72.47	68.37	57.87	54.69	44.65	30.40	28.31
02	강릉	수평	0˚	38.28	52.20	69.29	75.19	92.03	102.92	111.19	91.60	80.59	49.96	45.05	36.66
02	강릉	남	30˚	59.98	72.66	84.78	82.79	94.52	104.55	115.31	100.67	94.81	66.65	64.98	60.23
02	강릉	남	45˚	67.52	78.90	87.90	82.60	91.30	100.09	110.46	99.04	96.42	71.56	71.14	68.65
02	강릉	남	60˚	72.10	81.86	87.59	79.77	85.43	92.58	101.46	93.46	94.15	73.68	74.15	74.00
02	강릉	남	90˚	71.36	77.32	76.96	66.77	67.67	71.30	74.24	71.89	78.80	69.18	70.12	74.27
02	강릉	남동	30˚	53.44	67.61	81.22	82.32	95.01	106.16	115.93	98.36	91.85	62.37	59.21	52.92
02	강릉	남동	45˚	58.46	72.13	83.47	82.96	93.16	103.64	112.46	96.87	93.08	66.08	63.14	58.31
02	강릉	남동	60˚	61.37	74.19	83.27	81.54	89.10	98.48	105.42	92.36	91.28	67.58	64.47	61.57
02	강릉	남동	90˚	59.62	70.10	74.74	72.61	75.98	81.90	83.35	76.00	79.15	64.28	60.01	60.66
02	강릉	남서	30˚	54.54	67.46	81.30	81.44	94.56	104.87	114.45	101.04	91.56	62.60	59.67	54.05
02	강릉	남서	45˚	59.87	71.82	83.54	81.52	92.45	101.76	110.54	100.30	92.58	66.43	63.96	60.09
02	강릉	남서	60˚	63.05	73.83	83.38	79.72	88.24	96.26	103.42	96.24	90.67	67.94	65.59	63.67
02	강릉	남서	90˚	61.52	69.59	75.04	71.03	75.37	80.29	81.78	79.44	78.66	64.52	61.09	62.61
02	강릉	동	30˚	41.28	56.38	72.46	78.40	93.64	106.26	114.22	93.49	83.89	53.39	47.37	39.17
02	강릉	동	45˚	42.98	58.20	72.80	78.66	92.08	104.60	110.86	91.24	83.48	55.03	48.22	40.81
02	강릉	동	60˚	44.13	59.21	71.99	77.62	89.03	100.78	104.68	87.35	81.44	55.91	48.27	42.11
02	강릉	동	90˚	43.91	57.37	66.72	71.75	79.32	87.80	86.92	75.03	73.02	54.73	45.34	42.29
02	강릉	서	30˚	42.28	56.29	72.60	76.93	92.85	104.45	112.09	97.17	83.46	53.40	48.11	40.18
02	강릉	서	45˚	44.23	58.00	73.08	76.66	90.98	102.05	108.22	96.03	82.96	55.00	49.08	42.19
02	강릉	서	60˚	45.63	58.83	72.37	75.57	87.94	97.93	101.91	92.57	80.96	55.96	49.12	43.55
02	강릉	서	90˚	45.40	56.77	66.94	70.32	78.45	85.97	84.52	79.49	72.60	55.23	46.28	43.98
02	강릉	북서	30˚	29.24	43.44	61.36	70.32	89.06	102.10	108.15	90.08	73.09	42.28	35.44	25.95
02	강릉	북서	45˚	28.33	41.67	57.99	66.96	84.48	96.99	101.00	85.32	68.66	40.63	33.47	25.02
02	강릉	북서	60˚	28.92	41.44	55.83	64.43	79.55	90.73	92.41	79.74	65.09	40.59	32.91	25.93
02	강릉	북서	90˚	31.13	42.15	53.50	60.73	70.98	79.47	76.47	68.69	59.75	41.97	32.73	28.97
02	강릉	북동	30˚	28.86	43.45	61.23	71.34	89.69	103.36	109.81	87.22	73.47	42.35	35.11	25.72
02	강릉	북동	45˚	27.94	41.78	57.75	68.41	85.31	98.84	103.21	81.64	69.03	40.68	33.15	24.72
02	강릉	북동	60˚	28.54	41.66	55.71	65.69	80.42	92.83	94.67	75.88	65.36	40.34	32.63	25.47
02	강릉	북동	90˚	30.92	42.48	53.48	61.17	71.60	80.45	78.29	65.82	59.85	41.49	32.48	28.51
02	강릉	북	30˚	22.17	35.06	54.56	67.39	88.06	102.25	107.64	85.75	67.78	35.05	27.90	19.42
02	강릉	북	45˚	23.82	32.60	45.77	60.70	81.83	96.30	99.28	77.76	58.20	30.28	27.93	21.42
02	강릉	북	60˚	25.90	34.87	43.83	52.89	73.28	87.06	87.18	67.05	50.94	32.47	29.13	23.58
02	강릉	북	90˚	29.57	38.40	46.70	51.39	61.47	69.70	66.91	57.09	51.78	37.12	30.59	27.76
03	서울	수평	0˚	37.78	55.19	68.83	85.95	106.06	106.52	101.29	95.52	85.80	68.77	48.18	37.01
03	서울	남	30˚	56.15	73.24	82.34	96.33	108.85	107.53	106.42	105.00	98.87	88.30	67.78	57.06
03	서울	남	45˚	62.32	78.21	84.63	95.71	104.48	102.51	102.13	103.02	99.33	92.94	73.41	63.66
03	서울	남	60˚	65.88	79.97	83.65	91.23	96.67	94.25	93.69	96.73	95.63	93.66	75.69	67.31
03	서울	남	90˚	64.37	73.58	72.42	71.96	73.37	71.27	67.39	72.92	76.88	83.41	69.77	65.01
03	서울	남동	30˚	50.80	68.28	79.00	95.61	108.78	109.20	107.93	104.56	96.22	83.12	62.78	51.24
03	서울	남동	45˚	54.88	71.63	80.42	95.23	105.45	105.96	104.97	103.25	96.13	86.02	66.39	55.47
03	서울	남동	60˚	56.86	72.33	79.37	91.70	99.34	99.91	98.22	98.33	92.81	85.92	67.25	57.43
03	서울	남동	90˚	54.22	66.14	69.97	76.33	81.20	81.85	76.71	79.34	76.93	76.66	60.70	53.87
03	서울	남서	30˚	50.94	68.11	78.43	93.07	108.31	107.63	103.90	103.14	95.95	83.18	61.77	51.46
03	서울	남서	45˚	54.96	71.21	79.54	91.96	104.87	103.87	99.81	101.37	95.84	86.18	65.17	55.80
03	서울	남서	60˚	56.93	71.77	78.29	88.15	98.77	97.66	92.67	96.09	92.46	86.05	65.81	57.80
03	서울	남서	90˚	54.37	65.46	69.02	73.08	80.82	80.14	72.49	77.31	76.52	76.71	59.02	54.21
03	서울	동	30˚	39.27	57.35	70.74	90.28	106.54	109.40	106.38	100.05	88.34	71.56	50.79	38.94
03	서울	동	45˚	39.89	57.67	70.27	88.95	103.19	106.99	103.47	98.17	86.60	71.66	50.99	39.45
03	서울	동	60˚	40.05	57.13	68.68	85.67	98.02	102.35	97.69	93.80	82.98	70.47	50.22	39.42
03	서울	동	90˚	38.92	53.19	61.98	73.95	83.79	88.01	80.01	78.57	70.73	63.96	45.17	36.95
03	서울	서	30˚	39.10	57.03	69.82	86.86	105.79	107.05	100.74	98.17	88.10	71.49	49.81	39.04
03	서울	서	45˚	39.67	57.29	69.09	84.78	102.27	103.95	96.32	95.50	86.32	71.52	49.64	39.54
03	서울	서	60˚	40.09	56.75	67.49	81.19	97.07	99.15	90.11	90.81	82.65	70.46	48.52	39.46
03	서울	서	90˚	39.10	52.75	61.38	69.87	82.76	85.38	73.94	76.75	70.34	64.18	43.82	37.25
03	서울	북서	30˚	27.92	44.84	59.88	79.79	101.39	104.77	97.70	91.50	78.04	57.99	37.79	27.08
03	서울	북서	45˚	26.53	42.00	55.87	74.37	94.85	98.98	90.40	85.32	72.43	54.15	35.20	25.71
03	서울	북서	60˚	26.83	40.76	53.22	69.26	87.56	91.94	81.99	78.82	67.29	51.95	34.14	25.71
03	서울	북서	90˚	28.85	39.85	50.04	60.27	74.39	78.83	66.95	66.88	58.27	49.18	32.63	26.51
03	서울	북동	30˚	28.09	45.02	60.55	82.35	102.06	106.57	101.96	92.84	78.20	58.04	38.33	27.17
03	서울	북동	45˚	26.55	42.15	56.60	77.45	95.70	101.46	96.18	87.26	72.55	54.17	35.68	25.62
03	서울	북동	60˚	26.66	40.89	53.66	72.38	88.49	94.65	88.14	80.73	67.45	51.83	34.46	25.57
03	서울	북동	90˚	28.73	39.80	49.94	62.79	75.46	80.84	71.32	67.43	58.41	48.92	32.86	26.42
03	서울	북	30˚	22.16	37.36	54.77	77.70	100.20	105.18	98.59	89.16	72.86	49.72	31.14	21.75
03	서울	북	45˚	23.38	33.95	46.00	69.30	91.97	98.65	90.86	80.44	62.51	42.28	30.61	23.16
03	서울	북	60˚	25.14	35.22	43.30	58.88	80.88	88.72	79.49	68.72	53.92	43.17	31.38	24.40
03	서울	북	90˚	28.30	36.84	44.83	53.33	64.77	69.63	59.65	57.12	50.88	44.33	31.43	26.01
04	인천	수평	0˚	42.30	59.54	70.15	94.36	98.34	114.33	84.53	95.70	74.81	71.51	49.56	37.04
04	인천	남	30˚	66.31	78.99	84.84	102.97	99.73	115.17	88.24	103.69	87.15	89.95	70.35	59.64
04	인천	남	45˚	74.77	84.26	87.18	101.65	95.80	109.42	84.94	101.43	88.41	93.85	76.46	67.46
04	인천	남	60˚	80.04	86.00	85.90	96.67	89.18	100.08	78.51	95.25	86.23	93.76	79.08	72.19
04	인천	남	90˚	79.80	78.68	73.04	77.01	69.90	74.18	58.45	72.67	72.23	81.93	73.39	71.27
04	인천	남동	30˚	59.35	73.78	81.11	101.91	100.25	115.88	89.61	103.57	84.77	85.28	64.81	53.30
04	인천	남동	45˚	65.34	77.38	82.55	101.01	97.51	111.46	87.54	102.04	85.65	87.62	68.68	58.60
04	인천	남동	60˚	68.79	78.01	81.14	97.23	92.79	104.11	82.58	97.18	84.11	86.86	69.79	61.63
04	인천	남동	90˚	67.53	70.99	70.33	81.97	78.54	83.60	66.37	79.29	73.31	76.04	63.42	59.57
04	인천	남서	30˚	59.49	73.35	81.93	101.23	99.99	116.17	87.44	102.03	84.82	84.74	64.48	53.19
04	인천	남서	45˚	65.17	76.60	83.56	100.10	97.36	112.15	84.83	100.24	85.83	86.95	68.47	58.43
04	인천	남서	60˚	68.52	77.04	82.28	96.22	92.64	105.05	79.68	95.20	84.32	86.02	69.60	61.41
04	인천	남서	90˚	67.53	69.93	71.43	81.04	78.20	84.26	64.10	77.45	73.51	75.08	63.20	59.30
04	인천	동	30˚	45.51	62.05	72.74	96.43	98.93	115.49	88.93	99.60	77.82	74.02	52.40	40.46
04	인천	동	45˚	47.57	62.47	72.31	94.71	96.70	111.77	87.19	97.74	77.62	73.56	52.87	42.03
04	인천	동	60˚	49.02	61.93	70.50	91.24	93.14	105.81	83.19	93.60	76.06	71.69	52.38	42.95
04	인천	동	90˚	49.72	57.45	62.45	79.71	82.30	89.56	70.22	79.54	68.69	63.66	47.77	42.04
04	인천	서	30˚	45.47	61.55	73.62	95.49	98.52	115.82	85.79	97.59	78.02	73.27	52.42	40.22
04	인천	서	45˚	47.56	61.81	73.32	93.50	96.23	112.47	83.23	95.02	77.85	72.57	52.84	41.79
04	인천	서	60˚	49.19	61.12	71.54	89.99	92.49	106.71	78.92	90.49	76.27	70.64	52.16	42.72
04	인천	서	90˚	49.56	56.48	63.82	78.70	81.41	89.57	66.56	76.88	68.71	62.70	47.51	41.87
04	인천	북서	30˚	30.88	48.31	63.07	87.40	94.55	112.94	83.16	91.24	68.61	60.17	39.59	27.07
04	인천	북서	45˚	29.55	45.10	59.18	81.66	89.42	106.70	78.25	85.30	64.81	55.73	37.09	26.02
04	인천	북서	60˚	30.18	43.51	56.29	76.27	83.81	98.63	72.18	78.89	61.73	52.80	36.05	26.43
04	인천	북서	90˚	33.29	41.92	51.50	67.69	73.79	82.09	60.77	67.34	56.47	48.47	34.63	28.26
04	인천	북동	30˚	30.78	48.57	62.51	88.05	95.07	112.91	85.65	92.92	68.45	60.61	39.53	27.20
04	인천	북동	45˚	29.59	45.45	58.60	82.49	89.98	106.49	81.58	87.52	64.67	56.22	37.09	26.12
04	인천	북동	60˚	30.27	43.85	55.56	77.12	84.51	98.31	75.79	81.27	61.70	53.26	36.17	26.48
04	인천	북동	90˚	33.53	42.23	50.67	68.19	74.70	82.74	63.67	69.25	56.64	48.87	34.78	28.22
04	인천	북	30˚	22.77	40.11	56.87	83.71	93.47	112.37	83.50	89.25	63.31	52.34	32.16	20.94
04	인천	북	45˚	24.34	36.03	47.97	74.28	86.59	104.93	77.90	80.85	54.68	44.18	31.76	22.67
04	인천	북	60˚	26.71	37.21	45.15	63.14	77.29	93.75	69.35	69.67	48.11	44.40	32.66	24.35
04	인천	북	90˚	31.55	38.54	45.04	57.83	64.07	72.04	54.19	58.43	48.39	43.90	32.93	27.15
05	원주	수평	0˚	44.76	54.03	68.59	98.22	100.04	111.62	113.64	103.03	84.14	68.57	51.56	37.64
05	원주	남	30˚	68.85	73.68	83.06	107.44	103.83	112.34	119.21	112.31	97.34	86.94	73.38	59.48
05	원주	남	45˚	76.93	79.35	85.78	106.11	100.28	106.92	114.38	109.84	98.14	91.10	79.71	66.87
05	원주	남	60˚	81.57	81.66	85.16	100.93	93.43	98.15	104.90	102.81	94.92	91.44	82.33	71.19
05	원주	남	90˚	79.51	75.83	74.30	80.30	72.22	74.01	75.37	77.05	77.45	80.87	76.00	69.62
05	원주	남동	30˚	61.19	67.90	80.08	106.24	104.20	114.22	119.54	111.29	95.05	81.74	66.62	52.22
05	원주	남동	45˚	66.35	71.64	82.01	105.32	101.94	110.60	115.69	109.23	95.53	84.12	70.24	56.63
05	원주	남동	60˚	68.92	72.80	81.50	101.46	97.03	104.02	107.83	103.51	92.85	83.49	70.95	58.90
05	원주	남동	90˚	65.56	67.26	72.84	85.59	81.21	84.85	83.91	82.65	78.58	73.83	63.91	56.01
05	원주	남서	30˚	62.88	68.94	79.02	105.57	103.19	112.05	118.47	110.70	94.06	82.34	68.15	54.42
05	원주	남서	45˚	68.51	72.87	80.62	104.34	100.55	107.90	114.62	108.42	94.19	85.06	72.60	59.83
05	원주	남서	60˚	71.50	74.20	79.95	100.31	95.56	101.21	106.97	102.47	91.29	84.59	73.84	62.67
05	원주	남서	90˚	68.48	68.69	71.31	84.49	80.05	82.74	83.27	81.59	77.01	74.90	66.92	59.98
05	원주	동	30˚	47.00	56.46	71.71	100.59	102.24	114.34	117.55	106.30	87.49	70.49	53.57	39.33
05	원주	동	45˚	48.18	57.30	71.96	98.90	100.11	111.49	113.68	103.48	86.48	70.11	53.79	40.09
05	원주	동	60˚	48.74	57.42	71.11	95.41	96.26	106.36	106.87	98.12	83.69	68.56	52.97	40.43
05	원주	동	90˚	47.45	54.37	65.46	83.48	84.28	91.01	87.67	81.39	73.09	61.87	47.81	38.82
05	원주	서	30˚	48.58	57.57	70.41	99.62	100.79	111.27	116.07	105.48	86.17	71.15	55.44	41.48
05	원주	서	45˚	50.19	58.71	70.33	97.69	98.34	107.68	112.13	102.29	84.76	70.98	56.04	42.88
05	원주	서	60˚	51.16	58.90	69.19	94.09	94.44	102.34	105.38	96.62	81.73	69.56	55.33	43.46
05	원주	서	90˚	49.62	55.66	63.58	82.34	82.80	87.60	85.76	80.47	71.11	62.69	50.25	41.98
05	원주	북서	30˚	33.70	44.45	60.06	91.38	96.55	109.01	112.04	98.30	76.27	58.12	41.40	28.01
05	원주	북서	45˚	31.99	41.99	56.47	85.58	90.99	102.67	104.83	91.42	71.09	54.12	38.67	26.72
05	원주	북서	60˚	32.12	41.09	54.10	80.10	85.02	95.06	95.60	83.78	66.57	51.59	37.43	26.99
05	원주	북서	90˚	33.79	40.75	51.29	70.85	74.48	80.91	77.22	70.18	58.90	48.01	35.53	28.41
05	원주	북동	30˚	33.01	43.83	60.98	92.03	97.63	111.42	113.33	98.89	77.31	57.66	40.59	27.28
05	원주	북동	45˚	31.42	41.38	57.61	86.41	92.34	105.89	106.45	92.26	72.35	53.63	37.93	26.03
05	원주	북동	60˚	31.65	40.56	55.38	80.96	86.33	98.49	97.20	84.65	67.93	51.25	36.78	26.33
05	원주	북동	90˚	33.64	40.36	52.43	71.37	75.40	83.64	79.29	70.41	60.13	47.93	35.10	27.90
05	원주	북	30˚	25.54	35.98	54.51	87.69	95.56	109.72	111.35	95.47	71.48	50.05	33.21	21.69
05	원주	북	45˚	26.95	32.57	45.83	78.06	88.29	102.70	102.93	85.83	61.54	42.54	32.64	23.39
05	원주	북	60˚	28.98	34.39	43.42	66.55	78.25	92.18	90.32	73.08	53.19	43.13	33.47	24.99
05	원주	북	90˚	32.41	37.05	45.71	60.60	64.17	71.86	67.83	60.34	51.60	43.54	33.45	27.42
06	청주	수평	0˚	45.68	65.67	72.55	98.27	102.76	119.09	114.64	104.43	89.62	68.87	51.32	43.13
06	청주	남	30˚	66.42	86.38	87.24	106.54	105.74	119.59	118.35	112.99	103.22	87.02	71.95	64.61
06	청주	남	45˚	72.78	91.48	89.55	104.82	101.77	113.27	113.00	110.21	103.74	91.01	78.17	71.57
06	청주	남	60˚	75.83	92.51	88.20	99.29	94.50	103.09	103.25	102.94	99.93	91.16	81.02	75.31
06	청주	남	90˚	71.38	82.42	75.17	78.30	72.60	75.49	74.37	77.07	80.57	80.17	76.08	72.36
06	청주	남동	30˚	60.76	80.87	83.56	106.16	106.28	120.23	118.49	111.86	99.88	81.57	65.89	57.56
06	청주	남동	45˚	65.00	84.08	84.90	105.11	103.60	115.32	114.30	109.36	99.51	83.77	69.71	61.63
06	청주	남동	60˚	66.54	83.92	83.41	101.08	98.30	107.36	106.58	103.34	95.96	83.02	70.88	63.41
06	청주	남동	90˚	61.17	73.99	72.21	84.93	81.90	85.68	83.70	82.78	79.58	73.07	65.33	59.15
06	청주	남서	30˚	60.56	80.97	83.79	104.04	105.24	119.96	118.46	111.23	100.31	82.67	66.09	58.94
06	청주	남서	45˚	64.52	84.06	85.06	102.23	102.19	115.09	114.43	108.76	100.09	85.30	70.16	63.64
06	청주	남서	60˚	65.90	83.88	83.59	97.77	96.89	107.23	106.68	102.73	96.53	84.77	71.45	65.78
06	청주	남서	90˚	60.59	73.99	72.52	81.96	80.78	85.46	83.61	82.16	80.12	74.82	65.83	61.63
06	청주	동	30˚	48.71	68.70	74.83	101.14	104.51	119.66	116.77	106.99	91.51	70.53	53.07	44.27
06	청주	동	45˚	49.29	68.49	74.04	99.50	102.04	115.36	112.89	103.90	89.53	70.05	53.42	44.56
06	청주	동	60˚	48.86	66.96	71.95	95.94	97.87	108.87	106.42	98.51	85.65	68.37	52.99	44.37
06	청주	동	90˚	45.03	59.67	63.96	83.45	85.15	91.22	87.75	82.24	73.05	61.42	49.19	41.47
06	청주	서	30˚	48.17	68.75	74.93	98.18	103.08	119.24	116.79	106.25	92.11	71.66	53.23	45.59
06	청주	서	45˚	48.69	68.67	74.22	95.68	100.36	114.94	112.88	102.94	90.20	71.49	53.64	46.29
06	청주	서	60˚	48.43	67.18	72.18	91.90	96.17	108.40	106.31	97.35	86.43	70.16	53.23	46.24
06	청주	서	90˚	44.57	59.89	64.62	80.08	83.83	90.62	87.64	81.05	73.93	63.30	49.97	43.46
06	청주	북서	30˚	35.88	55.18	64.24	90.63	99.02	116.58	112.92	99.42	81.95	58.68	39.73	31.94
06	청주	북서	45˚	33.87	51.45	59.85	84.46	93.22	109.40	105.85	92.49	76.11	54.75	37.17	29.89
06	청주	북서	60˚	33.32	49.23	56.72	78.88	86.93	100.40	96.79	84.82	70.90	52.21	36.34	29.42
06	청주	북서	90˚	32.65	45.75	52.23	69.38	75.70	83.08	79.17	70.57	61.51	48.47	36.09	29.78
06	청주	북동	30˚	36.14	55.19	64.19	92.77	100.04	117.00	112.96	100.12	81.50	57.97	39.76	31.51
06	청주	북동	45˚	34.07	51.47	59.74	87.26	94.52	109.90	105.89	93.35	75.64	53.84	36.98	29.47
06	청주	북동	60˚	33.41	49.15	56.42	81.61	88.19	100.94	96.99	85.83	70.34	51.24	35.92	29.04
06	청주	북동	90˚	32.71	45.44	51.60	71.18	76.44	83.71	79.24	71.65	60.81	47.55	35.49	29.41
06	청주	북	30˚	29.21	47.02	58.34	87.91	98.07	116.21	111.75	96.91	76.79	50.67	31.91	25.18
06	청주	북	45˚	29.82	41.99	48.97	78.33	90.60	108.03	103.26	87.33	66.33	42.65	31.16	26.30
06	청주	북	60˚	30.85	42.83	45.53	66.72	80.31	96.00	90.74	74.64	57.26	43.05	32.36	27.35
06	청주	북	90˚	31.51	42.26	46.25	59.68	65.15	72.41	68.08	61.00	54.14	43.49	33.95	28.80
07	대전	수평	0˚	42.36	48.26	67.92	88.10	96.20	114.49	113.84	104.40	85.65	69.82	51.01	40.18
07	대전	남	30˚	65.12	65.67	80.99	96.10	99.18	116.26	117.38	112.71	98.95	87.61	72.70	62.48
07	대전	남	45˚	72.90	70.80	83.23	95.34	95.68	110.80	111.86	109.97	99.99	91.58	79.31	70.08
07	대전	남	60˚	77.51	73.00	82.35	91.45	89.11	101.52	101.94	102.79	97.12	91.82	82.42	74.56
07	대전	남	90˚	76.18	68.28	71.65	75.19	69.12	75.40	72.57	77.27	80.57	81.31	77.53	73.14
07	대전	남동	30˚	57.56	60.94	78.14	95.83	100.22	117.22	117.42	112.80	96.80	83.24	66.19	56.06
07	대전	남동	45˚	62.58	64.53	79.87	95.93	98.13	113.28	112.86	110.98	97.60	85.87	70.23	61.02
07	대전	남동	60˚	65.28	65.83	79.25	93.70	93.56	106.21	104.65	105.41	95.44	85.53	71.54	63.69
07	대전	남동	90˚	62.89	61.47	70.90	82.23	78.75	85.69	81.14	85.13	82.26	76.25	66.16	61.09
07	대전	남서	30˚	59.73	61.26	77.88	94.50	98.93	117.14	117.24	110.84	95.69	82.53	67.27	56.02
07	대전	남서	45˚	65.29	64.80	79.45	94.03	96.44	113.23	112.88	108.41	96.12	84.96	71.94	61.04
07	대전	남서	60˚	68.42	66.08	78.72	91.44	91.74	106.17	104.90	102.61	93.79	84.48	73.66	63.70
07	대전	남서	90˚	66.54	61.78	70.44	80.18	77.31	85.60	81.07	82.76	80.78	75.09	68.29	60.94
07	대전	동	30˚	44.40	51.11	70.68	91.42	99.20	116.91	115.58	108.65	89.00	72.52	53.36	42.53
07	대전	동	45˚	45.75	52.17	70.92	91.20	97.59	113.67	111.16	106.34	88.33	72.53	54.16	43.55
07	대전	동	60˚	46.60	52.56	70.03	89.45	94.29	107.97	104.16	101.44	85.98	71.23	54.10	44.20
07	대전	동	90˚	46.34	50.43	64.47	81.33	83.02	91.68	84.84	85.20	76.61	64.69	50.59	42.95
07	대전	서	30˚	46.45	51.43	70.22	89.51	97.25	116.76	115.34	106.15	87.64	71.62	54.60	42.44
07	대전	서	45˚	48.44	52.59	70.29	88.65	95.11	113.50	111.05	103.15	86.68	71.37	55.63	43.56
07	대전	서	60˚	49.84	52.95	69.41	86.74	91.56	107.80	104.02	97.99	84.28	70.03	55.68	44.14
07	대전	서	90˚	49.25	50.69	64.30	79.28	80.59	91.41	84.26	82.85	75.12	63.65	52.58	42.96
07	대전	북서	30˚	32.01	40.07	60.35	82.25	93.70	113.97	111.53	99.53	77.31	58.88	40.69	29.00
07	대전	북서	45˚	30.46	38.11	57.06	77.87	88.78	107.89	104.15	92.88	72.36	54.82	38.50	27.44
07	대전	북서	60˚	30.76	37.54	54.96	74.17	83.23	99.77	94.77	85.63	68.38	52.35	37.85	27.62
07	대전	북서	90˚	33.01	37.78	52.11	68.83	73.02	83.96	76.02	72.79	62.28	49.37	37.48	29.68
07	대전	북동	30˚	31.01	39.93	60.69	83.56	95.29	114.16	111.89	101.33	78.28	59.40	40.20	29.04
07	대전	북동	45˚	29.60	38.00	57.45	79.65	90.85	108.10	104.55	95.21	73.44	55.43	37.87	27.48
07	대전	북동	60˚	30.00	37.48	55.13	75.87	85.55	99.99	95.17	87.95	69.41	52.85	37.08	27.65
07	대전	북동	90˚	32.56	37.73	51.88	69.68	75.03	84.25	76.77	73.74	62.91	49.69	36.81	29.52
07	대전	북	30˚	23.63	32.85	54.62	79.15	93.24	113.51	110.52	97.39	72.18	51.07	32.34	22.19
07	대전	북	45˚	24.76	29.72	46.24	71.21	86.88	106.31	101.82	88.07	62.09	43.02	31.78	23.82
07	대전	북	60˚	26.93	31.60	43.30	61.68	77.77	95.18	89.13	75.63	53.96	43.39	33.23	25.58
07	대전	북	90˚	31.03	34.52	45.24	58.29	63.46	73.22	65.92	62.17	53.80	44.34	34.99	28.71
08	대구	수평	0˚	41.67	49.86	64.04	86.68	104.76	118.47	112.75	105.87	92.08	75.10	51.37	39.59
08	대구	남	30˚	64.56	67.27	76.71	93.41	106.62	118.79	116.39	115.36	105.61	94.40	72.14	62.60
08	대구	남	45˚	72.64	72.27	79.33	92.17	102.36	112.67	111.06	112.64	106.03	98.43	78.28	70.78
08	대구	남	60˚	77.69	74.30	79.17	87.90	95.02	102.78	101.32	105.08	102.09	98.26	80.98	75.95
08	대구	남	90˚	77.52	69.09	70.73	71.38	73.78	76.13	72.51	77.80	82.44	85.65	75.52	76.06
08	대구	남동	30˚	58.16	63.27	74.48	93.93	106.83	119.88	116.47	113.25	103.63	89.83	66.28	56.80
08	대구	남동	45˚	63.75	66.92	76.82	93.77	104.00	115.35	112.11	110.52	103.97	92.49	70.16	62.58
08	대구	남동	60˚	67.23	68.26	77.21	91.20	98.74	107.87	104.38	104.11	100.76	91.59	71.15	66.08
08	대구	남동	90˚	66.25	63.53	71.25	79.30	82.90	87.11	81.53	82.59	84.57	80.19	65.28	65.36
08	대구	남서	30˚	58.37	62.32	73.69	91.41	107.02	119.89	116.53	114.86	101.58	88.81	66.34	55.10
08	대구	남서	45˚	63.91	65.53	75.71	90.34	104.03	115.46	112.34	112.78	101.12	91.13	70.38	60.46
08	대구	남서	60˚	67.42	66.60	75.96	87.19	98.62	107.99	104.66	106.73	97.36	89.97	71.51	63.63
08	대구	남서	90˚	66.61	61.72	70.08	75.63	82.90	87.19	81.73	84.67	81.31	78.34	65.48	62.40
08	대구	동	30˚	45.32	53.45	67.67	90.22	105.39	120.06	114.78	108.02	95.74	78.51	53.78	43.25
08	대구	동	45˚	47.53	54.65	68.79	89.83	102.89	116.47	110.73	104.50	94.43	78.19	54.28	45.21
08	대구	동	60˚	49.30	55.02	68.92	87.87	98.79	110.61	104.07	98.73	90.96	76.21	53.82	46.85
08	대구	동	90˚	50.18	52.35	65.59	79.35	86.49	93.99	85.45	81.81	78.48	67.90	49.68	47.28
08	대구	서	30˚	45.52	52.43	66.62	86.57	105.54	119.83	114.95	110.19	93.05	77.09	53.77	41.74
08	대구	서	45˚	47.86	53.32	67.48	85.10	102.97	116.23	111.03	107.41	90.90	76.34	54.24	43.33
08	대구	서	60˚	49.69	53.43	67.51	82.65	98.87	110.30	104.41	101.69	87.18	74.41	53.76	44.50
08	대구	서	90˚	50.36	50.74	64.45	74.79	87.00	93.26	85.63	83.71	75.33	66.36	50.12	45.05
08	대구	북서	30˚	31.87	41.31	57.17	79.96	101.72	117.39	111.27	102.76	82.83	63.85	40.56	28.33
08	대구	북서	45˚	30.89	39.12	54.75	75.19	96.27	110.99	104.27	96.13	76.75	59.34	38.06	27.18
08	대구	북서	60˚	31.72	38.45	53.52	71.10	90.07	102.64	95.25	88.01	71.57	56.28	37.19	27.88
08	대구	북서	90˚	35.04	38.41	52.63	65.05	78.98	85.87	77.42	72.43	63.10	51.83	36.56	31.33
08	대구	북동	30˚	31.73	41.88	57.90	82.71	101.49	117.79	111.17	101.27	84.81	64.76	40.68	28.96
08	대구	북동	45˚	30.86	39.79	55.58	78.80	95.99	111.49	104.07	94.12	79.13	60.19	37.99	27.74
08	대구	북동	60˚	31.79	39.02	54.29	74.91	89.82	103.19	95.00	86.21	73.74	57.02	36.90	28.39
08	대구	북동	90˚	35.15	38.88	53.08	67.82	78.27	86.99	77.38	71.82	64.30	52.15	36.15	31.52
08	대구	북	30˚	23.91	34.37	51.57	77.79	100.31	117.20	110.08	99.03	78.38	56.19	32.87	21.41
08	대구	북	45˚	25.38	30.84	44.07	69.88	93.09	109.79	101.73	89.33	67.49	47.31	31.86	23.26
08	대구	북	60˚	28.05	32.59	41.95	60.38	83.13	98.45	89.35	76.24	57.76	47.25	33.13	25.54
08	대구	북	90˚	33.21	35.18	45.53	55.78	67.73	75.10	66.52	61.54	55.23	47.08	34.47	30.16
09	전주	수평	0˚	49.17	54.73	82.42	101.20	98.24	120.49	119.94	95.01	95.09	74.52	56.02	45.55
09	전주	남	30˚	71.60	72.27	96.12	108.34	100.86	122.68	123.45	102.52	109.77	91.00	77.21	65.46
09	전주	남	45˚	78.49	76.85	97.53	106.18	96.97	116.55	117.61	100.25	110.35	93.93	83.08	71.29
09	전주	남	60˚	81.78	78.14	95.10	100.31	89.89	105.99	107.16	94.07	106.27	92.97	85.17	73.77
09	전주	남	90˚	76.98	70.75	79.65	78.94	68.90	76.40	76.43	71.92	85.40	79.89	77.76	68.24
09	전주	남동	30˚	64.70	67.59	92.74	107.52	101.15	122.92	123.73	102.35	106.77	86.98	71.87	59.47
09	전주	남동	45˚	68.93	70.62	93.30	105.84	98.46	118.07	119.12	100.84	106.75	88.53	75.59	62.82
09	전주	남동	60˚	70.30	70.98	90.89	101.32	93.40	109.73	110.61	96.08	103.17	86.94	76.20	63.58
09	전주	남동	90˚	64.30	64.04	78.01	84.82	77.77	86.46	86.10	78.67	85.90	74.93	68.31	56.86
09	전주	남서	30˚	65.81	67.56	92.12	110.40	101.06	124.04	123.68	101.05	107.66	85.39	70.65	60.07
09	전주	남서	45˚	70.33	70.45	92.46	109.99	98.29	119.60	119.18	99.04	107.95	86.48	74.10	63.71
09	전주	남서	60˚	71.97	70.72	89.92	106.42	93.21	111.55	110.72	93.99	104.55	84.59	74.50	64.63
09	전주	남서	90˚	66.31	63.71	76.80	90.45	77.44	87.94	85.89	76.83	87.27	72.43	66.34	57.94
09	전주	동	30˚	51.01	57.28	83.82	102.42	99.75	122.27	121.98	98.55	97.99	76.19	59.03	47.11
09	전주	동	45˚	51.38	57.66	82.50	100.14	97.47	118.03	117.56	96.59	96.21	75.02	59.22	46.80
09	전주	동	60˚	50.90	57.11	79.82	96.09	93.51	111.16	110.30	92.46	92.36	72.43	58.19	45.65
09	전주	동	90˚	47.28	52.53	70.11	83.52	81.36	92.12	90.27	78.72	78.88	63.35	52.03	40.24
09	전주	서	30˚	52.20	57.27	83.01	107.18	99.59	124.16	121.94	96.83	99.34	74.34	57.76	47.74
09	전주	서	45˚	52.92	57.64	81.37	106.91	97.26	120.61	117.54	94.18	97.99	72.69	57.46	47.56
09	전주	서	60˚	52.75	57.02	78.39	104.29	93.20	114.13	110.22	89.68	94.42	69.91	56.12	46.41
09	전주	서	90˚	48.64	52.39	69.12	92.76	81.14	94.61	90.03	77.01	81.67	60.98	50.48	41.12
09	전주	북서	30˚	38.22	45.70	72.08	98.19	95.93	121.39	117.91	90.94	87.74	62.23	44.59	35.44
09	전주	북서	45˚	35.72	42.97	66.64	93.72	90.79	114.95	110.30	85.03	81.83	57.02	41.52	33.01
09	전주	북서	60˚	34.82	41.53	62.58	88.76	84.79	105.91	100.39	78.69	76.34	53.34	40.04	31.82
09	전주	북서	90˚	34.11	39.65	56.18	79.48	73.48	86.93	81.39	67.93	67.45	47.94	37.71	29.84
09	전주	북동	30˚	37.59	45.71	72.62	94.40	96.07	119.78	118.03	92.13	86.68	63.32	45.34	35.24
09	전주	북동	45˚	35.28	42.96	67.34	88.32	90.93	112.74	110.42	86.75	80.44	58.23	42.14	32.77
09	전주	북동	60˚	34.57	41.47	63.08	82.23	84.98	103.34	100.56	80.52	74.64	54.51	40.37	31.61
09	전주	북동	90˚	34.18	39.53	56.35	72.14	73.46	84.88	81.52	68.51	64.90	48.79	37.93	29.67
09	전주	북	30˚	30.22	38.54	66.24	90.85	94.78	120.01	116.72	88.97	80.86	55.46	37.17	29.19
09	전주	북	45˚	30.55	34.10	55.55	81.26	88.02	112.23	107.65	80.82	69.40	46.20	35.67	29.81
09	전주	북	60˚	31.76	35.33	50.38	69.53	78.43	100.01	94.31	69.93	59.10	45.39	36.38	30.13
09	전주	북	90˚	32.94	36.40	49.75	62.03	63.06	74.57	70.01	58.44	56.52	44.09	36.03	29.14
10	광주	수평	0˚	50.99	56.10	75.86	84.98	96.25	116.06	116.13	109.92	78.73	65.67	54.39	46.68
10	광주	남	30˚	74.93	79.45	89.07	91.26	97.30	117.10	119.96	116.82	89.94	82.15	75.75	68.51
10	광주	남	45˚	82.39	86.96	91.16	90.19	93.75	110.92	114.35	113.56	90.64	86.03	81.95	75.25
10	광주	남	60˚	86.11	90.84	89.98	86.36	87.64	100.63	104.10	106.05	87.94	86.58	84.53	78.51
10	광주	남	90˚	81.55	86.90	78.37	71.47	70.32	72.45	73.74	80.21	73.18	77.78	78.37	73.97
10	광주	남동	30˚	68.72	79.14	86.85	91.27	98.84	118.49	120.33	117.51	88.66	78.00	69.76	61.67
10	광주	남동	45˚	73.90	86.97	88.74	90.94	96.91	113.78	115.85	115.51	89.53	80.67	73.57	65.59
10	광주	남동	60˚	76.04	91.35	88.08	88.68	93.30	105.73	107.44	109.87	87.74	80.83	74.50	66.94
10	광주	남동	90˚	70.66	89.24	79.27	78.54	81.59	83.43	83.42	90.33	76.32	73.60	67.83	61.21
10	광주	남서	30˚	67.88	71.28	84.94	89.65	98.37	117.57	120.15	116.87	86.85	77.49	69.76	62.80
10	광주	남서	45˚	72.50	76.18	86.10	88.96	96.51	112.68	115.73	114.83	87.03	80.00	73.76	67.22
10	광주	남서	60˚	74.21	78.51	84.97	86.49	92.74	104.74	107.42	109.31	84.91	80.05	74.83	68.91
10	광주	남서	90˚	68.84	75.45	76.17	76.27	80.71	82.62	83.03	89.48	73.79	72.64	68.10	63.31
10	광주	동	30˚	55.00	68.52	79.02	87.50	99.04	118.65	118.72	114.50	82.55	68.03	56.72	48.36
10	광주	동	45˚	56.18	73.77	79.33	87.13	98.32	114.79	114.40	112.67	82.32	68.46	57.06	48.58
10	광주	동	60˚	56.24	77.33	78.41	85.60	96.33	108.36	107.32	108.47	80.48	67.92	56.45	48.09
10	광주	동	90˚	52.95	77.77	72.51	78.80	88.24	89.83	87.49	93.86	72.34	63.52	51.77	43.91
10	광주	서	30˚	53.85	60.54	76.40	85.24	98.04	117.58	118.59	113.43	80.05	67.32	56.89	49.58
10	광주	서	45˚	54.83	63.38	75.94	84.21	96.99	113.59	114.34	111.32	79.18	67.50	57.14	50.05
10	광주	서	60˚	54.93	65.18	74.74	82.25	94.55	107.09	107.16	106.74	77.19	66.91	56.44	49.67
10	광주	서	90˚	51.32	64.44	69.72	75.40	86.01	88.97	87.31	91.32	69.47	62.56	51.98	45.58
10	광주	북서	30˚	39.70	47.47	65.97	78.82	94.64	115.57	114.97	106.49	71.43	55.10	43.15	35.95
10	광주	북서	45˚	37.43	46.53	61.92	74.60	90.87	108.99	107.75	100.53	67.10	51.55	40.19	33.64
10	광주	북서	60˚	36.84	46.82	59.50	71.00	86.52	100.14	98.07	93.62	63.65	49.64	39.05	32.76
10	광주	북서	90˚	36.66	48.53	57.03	65.68	78.42	82.35	79.18	79.78	58.43	48.10	38.02	31.86
10	광주	북동	30˚	40.15	51.39	67.80	80.63	95.83	116.31	115.10	107.65	73.28	55.52	43.13	35.50
10	광주	북동	45˚	37.94	51.12	64.08	76.94	92.29	109.93	107.87	102.02	69.34	52.08	40.17	33.17
10	광주	북동	60˚	37.35	52.02	61.33	73.63	88.33	101.08	98.22	95.39	65.78	50.14	38.93	32.35
10	광주	북동	90˚	37.14	53.56	57.88	68.22	80.69	82.76	79.04	82.53	59.96	48.50	37.99	31.59
10	광주	북	30˚	31.63	38.64	60.45	76.45	94.06	115.48	113.90	103.64	67.51	47.45	35.13	28.68
10	광주	북	45˚	31.93	35.24	51.00	69.09	88.63	108.09	105.34	94.61	58.87	39.45	33.59	29.46
10	광주	북	60˚	33.43	38.05	47.00	60.31	80.73	96.54	92.49	82.31	50.93	39.93	34.83	30.32
10	광주	북	90˚	35.10	42.73	49.71	56.68	68.07	71.79	67.92	67.84	50.75	42.68	36.00	30.78
11	부산	수평	0˚	41.34	50.32	62.40	79.08	94.56	96.31	102.58	110.10	79.25	69.70	46.71	47.20
11	부산	남	30˚	63.60	68.04	75.12	85.64	96.10	97.25	103.60	116.48	90.10	87.59	67.19	71.26
11	부산	남	45˚	71.54	73.14	77.70	85.07	92.31	92.73	98.73	113.09	90.75	91.57	73.78	79.22
11	부산	남	60˚	76.57	75.20	77.48	81.97	85.81	85.16	90.56	105.49	88.09	91.79	77.28	83.68
11	부산	남	90˚	76.78	69.88	68.86	69.07	67.16	64.74	67.92	80.24	73.78	81.17	74.26	81.14
11	부산	남동	30˚	56.93	63.17	72.15	84.17	96.96	98.65	104.29	114.78	87.95	82.33	61.63	63.83
11	부산	남동	45˚	62.20	66.58	74.10	84.03	94.82	95.59	100.72	111.56	88.73	84.66	66.07	68.73
11	부산	남동	60˚	65.64	67.86	74.23	82.22	90.48	90.15	94.68	105.29	86.93	83.94	67.96	70.98
11	부산	남동	90˚	65.07	63.09	67.97	74.20	77.28	74.31	77.21	85.99	76.12	74.59	64.71	67.43
11	부산	남서	30˚	57.90	64.05	72.27	85.19	96.84	97.09	104.29	115.35	87.79	83.05	61.27	64.16
11	부산	남서	45˚	63.50	67.75	74.20	85.44	94.59	93.53	100.72	112.41	88.24	85.74	65.81	69.44
11	부산	남서	60˚	67.14	69.17	74.34	83.92	90.27	87.84	94.70	106.40	86.18	85.24	67.79	72.02
11	부산	남서	90˚	66.74	64.44	68.32	75.74	77.04	72.77	77.38	86.69	75.66	75.66	64.34	68.24
11	부산	동	30˚	44.42	53.25	65.12	80.21	96.29	98.80	103.73	109.87	81.54	71.40	49.58	48.74
11	부산	동	45˚	46.53	54.39	65.80	79.76	94.73	96.47	100.79	105.89	81.14	71.06	50.85	49.57
11	부산	동	60˚	48.38	54.69	65.59	78.76	91.77	92.25	95.95	100.40	79.29	69.52	51.45	50.06
11	부산	동	90˚	49.61	52.03	62.00	74.28	82.18	79.51	82.01	85.55	71.85	63.06	49.98	48.06
11	부산	서	30˚	45.25	54.33	65.14	81.58	95.92	96.58	103.72	110.62	81.19	72.32	49.36	49.43
11	부산	서	45˚	47.65	55.69	65.92	81.81	94.39	93.57	100.79	107.17	80.62	72.08	50.52	50.44
11	부산	서	60˚	49.72	56.09	65.89	80.95	91.51	89.11	95.92	101.64	78.99	70.59	50.97	50.69
11	부산	서	90˚	51.04	53.38	62.46	75.46	81.70	77.21	81.99	86.07	72.05	64.20	49.77	48.76
11	부산	북서	30˚	31.73	42.57	55.76	75.18	92.51	95.15	101.02	103.71	72.10	59.56	36.51	33.93
11	부산	북서	45˚	30.88	40.49	53.23	72.21	88.18	89.97	95.47	96.44	67.99	55.36	34.58	31.50
11	부산	북서	60˚	31.85	39.83	51.76	69.58	83.26	83.52	88.54	88.59	64.83	52.79	34.50	30.99
11	부산	북서	90˚	35.67	39.85	50.68	65.24	73.94	71.67	75.02	75.19	60.04	49.82	36.06	32.35
11	부산	북동	30˚	31.43	41.97	55.79	74.22	92.85	96.77	101.03	103.21	72.34	58.92	36.64	33.65
11	부산	북동	45˚	30.49	39.82	53.15	70.81	88.50	92.23	95.50	95.62	68.26	54.78	34.66	31.28
11	부산	북동	60˚	31.45	39.15	51.58	68.23	83.50	85.98	88.59	87.90	64.72	52.10	34.44	30.97
11	부산	북동	90˚	35.30	39.30	50.37	65.10	74.38	73.39	75.23	75.15	59.29	49.28	35.99	32.17
11	부산	북	30˚	23.84	34.79	50.21	71.73	91.59	95.64	100.30	100.67	67.14	51.69	28.92	25.58
11	부산	북	45˚	25.10	30.95	42.78	65.32	85.51	90.05	93.58	90.55	58.26	43.32	28.18	26.48
11	부산	북	60˚	27.98	32.83	40.14	57.63	76.85	81.38	83.66	77.67	50.46	43.56	30.28	27.97
11	부산	북	90˚	33.76	35.67	43.94	55.22	62.91	63.31	64.84	64.44	50.84	45.00	33.97	30.83
12	목포	수평	0˚	52.86	56.64	86.65	88.18	91.15	125.25	117.38	101.69	88.24	67.60	57.28	49.20
12	목포	남	30˚	76.20	72.78	100.99	94.92	93.41	125.39	120.16	107.62	98.85	85.56	80.50	70.47
12	목포	남	45˚	83.20	76.69	102.37	93.68	90.44	118.23	114.41	104.49	98.59	89.90	87.39	76.59
12	목포	남	60˚	86.38	77.40	99.66	89.42	84.84	106.71	104.38	97.57	94.57	90.69	90.44	79.08
12	목포	남	90˚	80.67	69.25	83.01	73.02	68.24	75.93	75.56	74.37	76.48	81.62	84.42	72.70
12	목포	남동	30˚	70.52	68.80	98.28	94.79	94.18	126.54	120.54	108.20	96.78	81.22	73.99	64.16
12	목포	남동	45˚	75.44	71.47	99.17	94.46	92.57	120.98	116.05	106.27	96.29	84.28	78.32	67.70
12	목포	남동	60˚	77.15	71.44	96.69	91.89	89.24	111.97	108.16	101.08	92.93	84.65	79.67	68.39
12	목포	남동	90˚	70.67	63.78	82.73	80.58	78.17	87.38	85.78	83.34	78.16	77.14	73.23	60.79
12	목포	남서	30˚	69.03	67.89	96.50	94.02	94.70	126.25	120.71	106.10	96.15	80.72	74.07	65.03
12	목포	남서	45˚	73.16	70.12	96.71	93.45	93.37	120.68	116.52	103.65	95.43	83.62	78.55	68.92
12	목포	남서	60˚	74.24	69.73	93.83	90.64	90.12	111.62	108.76	98.38	92.03	83.93	80.02	69.86
12	목포	남서	90˚	67.69	62.01	79.83	79.11	78.64	86.91	86.15	81.12	77.40	76.30	73.44	62.42
12	목포	동	30˚	57.06	59.20	89.51	90.95	93.65	126.63	119.38	104.99	89.99	70.71	60.03	51.33
12	목포	동	45˚	57.91	59.24	88.42	90.54	92.91	122.00	115.41	102.98	88.25	71.37	60.78	51.00
12	목포	동	60˚	57.46	58.23	85.60	88.75	91.04	114.60	108.88	98.83	84.82	70.97	60.50	49.69
12	목포	동	90˚	52.91	52.85	74.91	80.65	83.28	93.92	91.15	84.99	73.65	66.49	56.12	43.66
12	목포	서	30˚	55.21	58.07	87.07	89.95	94.27	126.23	119.55	102.36	89.10	70.14	60.15	52.36
12	목포	서	45˚	55.59	57.84	85.29	89.01	93.72	121.48	115.74	99.66	87.16	70.63	60.74	52.27
12	목포	서	60˚	55.02	56.70	82.12	86.91	91.68	113.92	109.29	95.23	83.65	70.11	60.48	51.10
12	목포	서	90˚	50.30	51.40	72.16	79.35	83.50	93.36	90.75	82.16	72.52	65.50	56.48	44.87
12	목포	북서	30˚	41.45	47.17	76.05	83.20	90.84	124.09	116.08	96.59	79.96	57.32	45.09	39.38
12	목포	북서	45˚	38.85	44.04	70.42	78.98	87.56	116.67	109.22	90.50	74.33	53.79	42.13	36.67
12	목포	북서	60˚	37.96	42.17	66.00	75.18	83.58	106.62	100.18	83.99	69.16	51.90	41.15	35.37
12	목포	북서	90˚	36.91	39.66	59.20	69.17	75.90	86.27	82.24	72.45	60.78	50.40	40.52	32.93
12	목포	북동	30˚	42.34	47.91	77.74	83.88	90.55	124.50	116.23	98.61	80.64	57.57	45.13	38.89
12	목포	북동	45˚	39.75	44.73	72.40	79.99	87.10	117.14	109.29	93.07	75.16	54.20	42.05	36.32
12	목포	북동	60˚	38.76	42.77	67.80	76.23	83.25	107.26	100.32	86.63	70.12	52.41	40.83	35.15
12	목포	북동	90˚	37.63	39.93	60.18	69.54	76.07	86.59	83.17	74.24	61.62	50.97	40.22	32.85
12	목포	북	30˚	33.85	40.72	70.49	80.03	89.63	123.94	115.19	94.96	75.40	49.22	36.20	32.51
12	목포	북	45˚	33.76	35.54	59.46	72.44	84.57	115.60	106.98	86.37	65.39	41.15	34.46	32.97
12	목포	북	60˚	34.90	36.31	53.47	63.13	77.02	102.79	94.67	75.00	55.71	41.84	35.95	33.36
12	목포	북	90˚	35.56	36.59	52.47	58.18	64.81	74.92	70.95	61.81	53.03	44.80	37.81	32.09
13	서산	수평	0˚	50.63	59.21	68.92	90.68	106.67	112.47	112.20	94.76	88.38	71.90	52.02	44.56
13	서산	남	30˚	76.25	79.20	83.72	98.55	109.23	113.71	116.89	101.78	101.59	90.55	74.06	67.65
13	서산	남	45˚	84.45	84.78	86.11	97.38	104.95	108.12	111.94	99.26	102.26	94.59	80.39	75.06
13	서산	남	60˚	88.75	86.83	84.87	92.89	97.35	98.85	102.56	92.99	98.84	94.64	82.95	78.95
13	서산	남	90˚	84.77	80.02	72.09	75.11	74.69	73.16	73.94	70.82	80.82	83.04	76.31	75.39
13	서산	남동	30˚	68.76	73.76	80.48	97.88	109.41	113.84	117.69	102.97	98.66	85.74	67.92	60.24
13	서산	남동	45˚	74.27	77.72	82.15	97.33	106.37	109.50	114.03	101.67	98.76	88.14	71.82	64.69
13	서산	남동	60˚	76.60	78.73	80.90	94.36	100.78	102.47	106.54	96.95	95.88	87.45	72.74	66.55
13	서산	남동	90˚	71.52	72.42	70.22	81.39	83.78	82.78	83.55	79.39	81.22	76.88	65.40	61.60
13	서산	남서	30˚	69.32	73.54	80.42	97.02	109.45	115.38	116.05	99.00	98.65	85.44	68.39	61.73
13	서산	남서	45˚	74.70	77.11	82.06	96.30	106.42	111.66	111.90	96.55	98.75	87.82	72.62	66.74
13	서산	남서	60˚	76.98	77.87	80.80	93.12	100.84	104.76	104.06	91.35	95.85	87.09	73.71	68.98
13	서산	남서	90˚	72.16	71.44	70.15	80.08	83.84	84.28	81.37	74.44	81.11	76.43	66.39	64.27
13	서산	동	30˚	54.01	62.13	72.34	93.13	107.43	113.28	116.09	99.69	90.60	74.34	55.03	46.47
13	서산	동	45˚	55.16	62.90	72.16	92.26	104.64	109.71	112.64	98.08	89.22	73.97	55.35	46.91
13	서산	동	60˚	55.20	62.61	70.55	89.85	100.16	104.15	106.40	94.08	86.16	72.25	54.58	46.56
13	서산	동	90˚	52.18	58.66	62.89	80.37	87.11	88.41	87.41	80.13	75.27	64.52	49.01	43.05
13	서산	서	30˚	54.25	61.55	72.19	91.99	107.48	115.49	113.74	94.37	90.57	73.97	55.56	47.81
13	서산	서	45˚	55.51	62.14	71.92	90.66	104.70	112.58	109.46	91.32	89.13	73.41	56.00	48.65
13	서산	서	60˚	55.88	61.83	70.23	88.03	100.16	107.12	102.73	86.75	86.04	71.62	55.24	48.64
13	서산	서	90˚	52.64	58.08	62.70	78.85	87.17	90.73	84.69	74.08	75.07	64.07	50.06	45.24
13	서산	북서	30˚	38.68	48.04	61.93	84.46	103.04	112.61	110.11	88.80	80.10	60.70	41.85	33.41
13	서산	북서	45˚	36.48	45.07	58.13	79.58	97.08	106.91	102.90	82.53	74.63	56.25	39.21	31.37
13	서산	북서	60˚	36.12	43.91	55.32	75.15	90.35	99.11	93.76	76.22	69.89	53.44	38.14	30.82
13	서산	북서	90˚	36.33	43.27	50.59	68.00	78.37	83.16	76.88	65.57	62.00	49.48	36.35	30.58
13	서산	북동	30˚	38.54	48.47	62.06	85.30	103.00	111.03	111.96	92.84	80.12	60.92	41.69	32.94
13	서산	북동	45˚	36.39	45.41	58.34	80.73	97.05	104.63	105.40	87.70	74.71	56.58	38.93	30.89
13	서산	북동	60˚	35.97	44.04	55.55	76.41	90.35	96.70	96.67	81.44	70.09	53.65	37.69	30.34
13	서산	북동	90˚	36.34	43.12	50.79	68.85	78.37	81.39	78.55	69.16	62.17	49.67	35.86	30.18
13	서산	북	30˚	30.07	39.68	56.18	81.08	101.53	111.32	109.78	88.15	74.60	52.70	33.95	26.34
13	서산	북	45˚	31.01	35.43	47.43	72.54	93.66	104.20	101.56	79.81	64.07	44.42	33.18	27.53
13	서산	북	60˚	32.58	37.06	44.35	62.35	82.88	93.26	89.29	68.80	55.40	44.65	34.14	28.49
13	서산	북	90˚	34.57	39.38	44.52	57.70	67.00	71.39	67.23	57.31	53.83	44.75	34.18	29.37
14	진주	수평	0˚	43.96	50.64	70.69	72.15	104.09	118.79	111.80	99.64	81.72	67.49	46.23	41.01
14	진주	남	30˚	68.75	70.46	83.67	77.82	105.12	118.86	113.62	105.67	93.83	85.24	66.87	66.43
14	진주	남	45˚	77.49	76.83	86.17	77.39	100.48	112.41	108.04	102.69	94.77	89.55	73.62	75.53
14	진주	남	60˚	82.92	80.20	85.71	74.75	92.68	102.05	98.48	95.88	92.12	90.36	77.33	81.34
14	진주	남	90˚	82.66	77.27	76.25	63.52	70.79	74.72	71.50	72.85	77.01	81.48	74.81	81.72
14	진주	남동	30˚	59.86	64.66	80.16	77.71	105.24	119.21	113.47	106.25	91.50	80.10	60.16	56.84
14	진주	남동	45˚	65.19	69.23	81.98	77.96	101.84	114.35	108.84	104.19	92.39	82.84	64.35	61.99
14	진주	남동	60˚	68.51	71.81	81.96	76.82	96.36	106.66	101.24	99.07	90.57	82.87	66.22	65.23
14	진주	남동	90˚	67.21	69.87	75.55	69.88	80.41	85.70	80.42	81.18	79.09	75.45	63.37	64.32
14	진주	남서	30˚	63.63	66.22	81.30	76.97	106.12	120.56	114.71	103.74	91.09	80.82	62.05	60.98
14	진주	남서	45˚	70.26	71.23	83.49	77.07	103.02	115.90	110.66	100.99	91.65	83.88	67.19	67.98
14	진주	남서	60˚	74.44	73.99	83.65	75.75	97.44	108.20	103.35	95.54	89.61	84.13	69.76	72.41
14	진주	남서	90˚	73.87	72.01	77.20	68.69	81.15	86.85	81.82	78.14	78.29	76.61	67.07	71.94
14	진주	동	30˚	45.88	54.00	72.52	74.53	104.26	119.18	112.24	102.89	84.58	69.42	48.04	41.71
14	진주	동	45˚	47.92	56.38	73.24	74.83	101.59	115.24	108.08	100.64	84.21	69.70	49.26	43.37
14	진주	동	60˚	49.71	58.23	73.17	74.29	97.53	109.19	101.81	96.29	82.31	69.02	49.99	45.00
14	진주	동	90˚	50.80	58.64	69.68	70.23	84.99	91.87	84.93	81.96	74.19	64.61	49.14	46.05
14	진주	서	30˚	49.76	55.81	73.83	73.45	105.30	121.04	114.02	99.51	83.84	70.20	50.20	46.19
14	진주	서	45˚	52.79	58.45	74.78	73.45	102.84	117.49	110.48	96.38	83.18	70.67	51.98	48.95
14	진주	서	60˚	55.11	60.32	74.86	72.67	98.71	111.53	104.33	91.66	81.30	70.23	53.01	51.01
14	진주	서	90˚	55.99	60.65	71.56	68.38	85.81	94.01	86.58	78.18	73.79	65.76	52.39	52.00
14	진주	북서	30˚	33.75	42.52	63.20	67.69	101.80	118.81	110.72	93.85	74.21	57.34	36.47	29.30
14	진주	북서	45˚	32.55	41.25	60.40	64.86	96.58	112.51	104.35	87.44	69.74	53.84	34.73	27.79
14	진주	북서	60˚	33.23	41.65	58.89	62.56	90.41	104.06	95.92	80.73	66.27	51.93	34.72	28.24
14	진주	북서	90˚	36.42	44.04	57.53	59.63	77.83	86.78	78.68	69.27	61.39	50.53	36.53	31.81
14	진주	북동	30˚	32.05	41.52	62.33	68.59	101.18	117.29	109.51	96.45	74.78	56.83	35.48	27.56
14	진주	북동	45˚	30.98	40.29	59.50	65.98	95.60	110.55	102.62	90.74	70.54	53.26	33.66	26.27
14	진주	북동	60˚	31.89	40.65	57.92	63.85	89.52	101.95	94.07	84.16	66.74	51.33	33.64	27.11
14	진주	북동	90˚	35.72	43.34	56.52	61.07	77.40	84.90	77.75	71.58	61.16	50.05	35.64	31.05
14	진주	북	30˚	24.09	33.21	56.35	65.17	100.45	117.74	109.24	92.57	69.19	49.21	27.97	19.98
14	진주	북	45˚	25.32	29.90	47.91	59.31	93.44	110.26	101.40	83.90	59.90	41.17	27.32	21.75
14	진주	북	60˚	28.19	32.88	44.91	52.38	83.54	98.72	89.80	72.51	51.68	41.91	29.51	24.32
14	진주	북	90˚	33.92	38.73	48.88	50.88	66.32	74.11	67.39	59.79	52.38	45.08	33.62	29.88
15	포항	수평	0˚	38.97	41.96	68.84	92.90	97.73	116.33	114.44	98.98	90.94	65.85	44.22	36.00
15	포항	남	30˚	62.66	58.74	82.85	101.30	99.09	117.69	117.13	105.99	103.04	82.94	64.60	58.65
15	포항	남	45˚	71.39	64.20	85.32	100.20	95.25	112.14	111.92	103.53	102.82	86.64	71.16	66.88
15	포항	남	60˚	77.18	67.17	84.48	95.66	88.81	102.77	102.70	97.26	98.36	86.71	74.64	72.24
15	포항	남	90˚	78.62	64.99	73.30	77.40	70.25	76.45	75.97	75.02	78.18	76.16	71.63	73.11
15	포항	남동	30˚	56.50	55.18	79.77	100.49	100.15	119.09	117.22	104.92	100.26	79.05	59.55	52.25
15	포항	남동	45˚	62.77	59.47	81.56	100.18	98.14	115.28	113.28	103.13	99.73	81.62	64.25	57.84
15	포항	남동	60˚	67.10	61.99	80.99	97.07	93.95	108.12	106.29	98.43	95.71	81.03	66.34	61.30
15	포항	남동	90˚	67.85	60.45	72.09	83.49	80.66	87.45	85.73	81.67	78.69	71.60	63.21	61.33
15	포항	남서	30˚	55.92	54.17	79.81	100.11	99.74	120.24	118.36	107.06	100.14	78.21	58.67	52.30
15	포항	남서	45˚	61.92	58.00	81.53	99.51	97.31	116.62	114.72	106.04	99.41	80.55	63.23	58.19
15	포항	남서	60˚	66.12	60.26	80.94	96.21	92.76	109.68	107.98	101.75	95.25	79.77	65.25	61.85
15	포항	남서	90˚	66.79	58.63	72.19	82.69	79.70	89.74	87.34	84.97	78.50	70.13	61.85	61.61
15	포항	동	30˚	43.62	46.34	72.04	95.73	99.65	119.25	116.12	100.98	92.63	69.21	48.13	39.31
15	포항	동	45˚	46.64	48.56	72.27	94.72	98.34	116.24	112.73	98.84	90.35	69.22	49.79	41.57
15	포항	동	60˚	49.24	50.21	71.23	92.02	95.54	110.65	107.13	94.81	86.11	67.79	50.59	43.51
15	포항	동	90˚	51.58	50.49	65.11	82.48	85.78	94.30	91.11	82.17	72.86	60.95	49.01	44.69
15	포항	서	30˚	42.97	45.21	71.88	94.92	98.68	122.74	117.72	104.61	92.43	68.16	47.42	39.64
15	포항	서	45˚	45.85	47.18	72.09	93.72	96.85	120.97	114.87	103.77	90.17	67.85	48.78	41.90
15	포항	서	60˚	48.44	48.65	71.17	90.94	93.89	116.53	109.61	100.58	86.07	66.33	49.35	43.63
15	포항	서	90˚	50.85	48.95	65.56	81.28	84.43	101.57	92.89	88.16	72.91	59.62	47.86	44.95
15	포항	북서	30˚	29.27	34.76	61.60	87.06	95.24	120.55	114.11	97.77	82.58	56.54	34.93	26.24
15	포항	북서	45˚	28.86	33.80	58.20	82.08	90.70	116.25	108.08	93.31	76.48	52.83	33.29	25.54
15	포항	북서	60˚	30.35	34.27	55.90	77.36	85.68	109.46	100.35	87.89	70.75	50.40	33.21	26.52
15	포항	북서	90˚	35.09	36.72	53.08	70.11	76.81	94.79	84.18	77.43	60.72	46.79	34.26	30.18
15	포항	북동	30˚	29.57	35.38	61.79	87.70	96.00	116.54	112.90	94.65	82.76	57.17	35.27	26.22
15	포항	북동	45˚	29.07	34.45	58.42	82.96	91.77	110.84	106.42	89.03	76.59	53.47	33.66	25.48
15	포항	북동	60˚	30.47	34.87	55.92	78.26	86.98	102.83	98.44	82.91	70.66	50.96	33.56	26.49
15	포항	북동	90˚	35.07	37.07	52.55	71.00	77.75	86.89	83.27	72.27	60.47	47.19	34.55	30.08
15	포항	북	30˚	21.36	27.90	55.57	83.46	94.45	117.98	112.52	93.00	77.56	49.60	27.45	19.27
15	포항	북	45˚	23.25	25.62	47.12	74.82	88.29	111.81	104.88	84.97	66.79	42.21	27.22	21.36
15	포항	북	60˚	26.45	28.16	43.85	64.35	79.61	101.43	93.39	74.14	56.66	42.37	29.00	23.82
15	포항	북	90˚	33.03	32.97	45.97	59.67	66.15	79.47	72.00	63.05	52.73	42.39	31.86	28.79
16	제주	수평	0˚	41.39	57.47	78.59	90.85	95.20	112.88	98.88	100.28	82.14	69.69	49.80	38.97
16	제주	남	30˚	58.42	74.36	93.23	97.72	96.14	112.51	100.15	104.70	93.25	87.84	68.57	56.66
16	제주	남	45˚	63.04	78.29	95.10	96.36	92.50	106.26	95.52	101.39	93.84	91.66	73.58	61.79
16	제주	남	60˚	64.59	78.79	93.09	91.70	86.19	96.27	87.76	94.71	91.00	91.55	75.13	63.92
16	제주	남	90˚	58.24	69.57	78.20	73.85	68.66	70.49	66.22	73.10	75.88	79.82	67.71	58.79
16	제주	남동	30˚	54.26	69.91	91.55	98.78	97.66	112.97	102.78	104.79	92.08	84.73	63.88	52.39
16	제주	남동	45˚	57.29	72.28	93.42	98.65	95.45	107.95	100.09	102.54	92.78	87.55	67.05	55.77
16	제주	남동	60˚	57.70	71.76	92.08	95.87	91.38	100.39	94.57	97.53	90.92	87.11	67.34	56.71
16	제주	남동	90˚	50.72	62.77	80.53	83.30	78.99	80.78	77.96	81.75	79.61	76.75	59.57	50.82
16	제주	남서	30˚	54.09	69.68	90.75	101.25	96.45	114.37	99.90	104.95	90.36	81.93	63.57	51.94
16	제주	남서	45˚	56.99	71.94	92.19	102.28	94.07	110.05	96.67	103.05	90.49	83.84	66.65	55.13
16	제주	남서	60˚	57.24	71.31	90.49	100.68	90.03	102.77	91.05	98.35	88.34	82.91	66.93	55.94
16	제주	남서	90˚	50.35	62.33	78.33	89.48	77.76	82.28	75.03	82.09	77.04	72.42	59.05	49.98
16	제주	동	30˚	44.90	59.72	83.93	95.53	97.57	113.31	103.49	101.95	85.87	74.46	53.33	42.68
16	제주	동	45˚	45.03	59.23	84.38	95.44	96.29	109.33	101.77	99.85	85.66	74.71	53.55	43.10
16	제주	동	60˚	44.02	57.79	83.18	93.60	93.62	103.43	97.76	96.17	84.04	73.44	52.44	42.53
16	제주	동	90˚	38.67	51.44	75.77	84.54	84.52	87.42	84.85	84.42	76.23	66.26	46.33	37.78
16	제주	서	30˚	44.74	59.70	82.48	100.41	95.65	115.22	99.44	102.36	83.54	71.25	52.80	42.18
16	제주	서	45˚	44.89	59.22	82.08	102.75	93.96	111.96	96.81	100.46	82.71	70.73	52.87	42.44
16	제주	서	60˚	43.87	57.54	80.01	103.01	91.01	106.17	92.40	96.54	80.68	69.05	51.88	41.78
16	제주	서	90˚	38.21	50.87	71.19	96.62	81.62	88.91	79.87	84.19	72.96	61.76	46.16	37.11
16	제주	북서	30˚	35.22	48.70	71.47	92.66	92.87	113.44	97.52	96.53	74.79	59.53	41.70	32.47
16	제주	북서	45˚	33.15	45.11	67.01	91.08	88.57	107.79	92.46	91.29	70.35	55.41	39.17	30.81
16	제주	북서	60˚	31.98	42.68	63.22	89.05	83.72	99.72	85.95	85.28	66.80	52.65	37.81	30.12
16	제주	북서	90˚	29.43	39.40	57.19	83.70	74.78	82.31	73.67	74.15	61.40	48.81	35.25	28.31
16	제주	북동	30˚	35.22	48.63	72.49	88.39	94.64	112.34	100.88	96.47	76.52	61.44	42.08	32.71
16	제주	북동	45˚	33.22	45.10	68.76	84.73	90.84	106.09	96.81	91.09	72.52	57.65	39.34	31.01
16	제주	북동	60˚	32.22	42.87	65.87	80.75	86.26	97.87	90.76	85.21	69.14	54.99	37.75	30.27
16	제주	북동	90˚	29.72	39.77	61.36	72.90	77.65	81.69	77.79	74.81	63.47	50.83	34.97	28.41
16	제주	북	30˚	29.90	42.32	64.77	85.01	92.85	112.79	98.67	94.01	70.77	53.13	35.42	27.30
16	제주	북	45˚	29.26	36.46	55.03	78.05	87.33	106.10	92.94	85.97	61.99	44.41	33.34	27.74
16	제주	북	60˚	29.85	37.16	48.97	68.89	79.35	95.50	83.88	75.31	53.53	44.15	34.16	28.43
16	제주	북	90˚	28.60	37.09	49.71	62.20	65.61	71.15	65.14	62.58	53.40	44.80	33.50	27.62
17	안동	수평	0˚	43.36	58.85	67.43	99.32	98.82	106.97	106.99	108.35	85.04	74.76	61.69	39.70
17	안동	남	30˚	66.75	78.19	81.35	107.13	101.00	107.16	110.63	118.07	99.58	93.22	82.50	63.90
17	안동	남	45˚	74.80	83.40	84.04	104.99	97.55	101.96	105.98	115.43	100.69	96.79	87.76	72.42
17	안동	남	60˚	79.63	85.07	83.58	98.95	91.33	93.64	97.38	107.94	97.50	96.18	89.02	77.70
17	안동	남	90˚	78.54	77.65	73.52	76.77	73.03	71.40	71.52	80.61	79.39	82.86	79.50	77.39
17	안동	남동	30˚	60.37	73.30	78.69	106.60	101.67	107.17	111.25	117.66	97.40	88.79	76.12	57.01
17	안동	남동	45˚	65.93	76.82	80.86	105.16	99.75	103.31	107.81	115.66	98.13	90.88	78.89	62.67
17	안동	남동	60˚	69.11	77.63	80.78	100.55	95.73	97.21	101.16	109.64	95.35	89.38	78.27	65.98
17	안동	남동	90˚	67.03	70.62	73.07	83.09	82.74	80.71	80.76	87.66	80.17	76.86	68.13	64.63
17	안동	남서	30˚	60.17	72.78	77.87	105.13	101.12	109.16	110.51	115.83	95.20	87.35	76.59	56.96
17	안동	남서	45˚	65.52	75.99	79.74	103.10	98.94	105.88	106.88	113.18	95.25	89.13	79.71	62.86
17	안동	남서	60˚	68.65	76.61	79.47	98.08	94.78	99.98	100.01	106.86	92.03	87.44	79.38	66.26
17	안동	남서	90˚	66.66	69.56	71.85	80.77	81.92	82.84	79.77	85.30	77.05	74.92	69.19	64.64
17	안동	동	30˚	46.86	61.89	71.10	101.53	100.60	106.92	109.92	112.73	89.11	77.22	62.78	42.88
17	안동	동	45˚	48.62	62.41	71.78	99.36	99.21	103.85	106.82	109.92	87.92	76.15	61.75	44.66
17	안동	동	60˚	49.89	61.96	71.37	95.18	96.47	99.31	101.30	104.33	84.75	73.60	59.44	46.03
17	안동	동	90˚	49.72	57.33	66.58	81.54	86.96	86.54	84.83	87.19	73.43	64.51	51.09	45.92
17	안동	서	30˚	46.72	61.27	69.99	99.33	99.58	109.67	108.85	110.07	86.43	75.72	63.39	43.10
17	안동	서	45˚	48.48	61.74	70.38	96.49	97.90	107.38	105.35	106.52	84.54	74.35	62.51	44.90
17	안동	서	60˚	49.77	61.20	69.86	92.02	95.01	103.05	99.55	100.75	81.05	71.64	60.18	46.03
17	안동	서	90˚	49.29	56.50	65.34	78.87	85.62	89.33	83.54	83.98	69.91	62.21	52.11	45.99
17	안동	북서	30˚	32.88	48.33	59.96	91.44	95.85	107.16	105.33	102.73	76.28	62.82	49.22	28.69
17	안동	북서	45˚	31.56	45.22	56.95	84.82	91.24	102.25	98.98	95.25	70.46	57.71	45.15	27.49
17	안동	북서	60˚	32.08	43.76	55.21	78.54	86.34	95.72	90.93	87.21	65.47	53.98	42.58	28.13
17	안동	북서	90˚	34.76	42.52	53.03	67.89	77.77	82.11	75.90	72.97	58.12	48.36	38.08	31.00
17	안동	북동	30˚	32.84	48.67	60.76	93.09	96.73	105.16	106.20	104.76	78.22	63.65	48.96	28.64
17	안동	북동	45˚	31.66	45.57	57.89	87.02	92.33	99.49	100.13	97.92	72.78	58.66	44.81	27.45
17	안동	북동	60˚	32.29	44.11	56.10	80.77	87.59	92.70	92.29	89.97	67.86	55.23	42.19	28.11
17	안동	북동	90˚	35.00	42.62	53.58	69.34	78.85	80.30	76.73	75.16	59.97	49.67	37.70	30.93
17	안동	북	30˚	25.07	40.26	54.29	88.28	95.04	105.84	104.66	100.47	71.89	55.50	41.13	21.49
17	안동	북	45˚	26.59	35.74	46.13	78.16	88.73	99.55	97.12	90.30	61.53	46.60	39.09	23.48
17	안동	북	60˚	28.99	37.13	43.77	65.96	79.99	89.94	85.90	76.80	52.83	46.20	38.68	25.66
17	안동	북	90˚	33.34	38.73	46.43	57.95	67.34	70.59	65.92	63.06	51.72	44.86	35.99	29.78
18	수원	수평	0˚	44.49	60.79	69.87	94.19	105.58	114.22	112.64	101.62	88.69	69.78	47.18	38.92
18	수원	남	30˚	66.20	79.28	83.74	102.45	108.45	115.50	116.36	109.62	101.55	87.67	68.24	60.04
18	수원	남	45˚	73.24	84.17	86.29	101.04	104.27	109.87	111.18	107.07	101.80	91.55	74.91	67.14
18	수원	남	60˚	77.03	85.63	85.61	96.03	96.72	100.52	101.81	100.39	97.81	91.59	78.33	71.22
18	수원	남	90˚	74.09	78.14	74.96	76.54	74.04	74.42	73.76	76.36	78.40	80.44	74.70	69.42
18	수원	남동	30˚	60.00	74.34	81.01	102.08	108.66	116.05	117.57	108.36	98.77	83.07	62.83	53.92
18	수원	남동	45˚	64.73	77.64	83.02	101.26	105.70	111.82	113.88	106.15	98.43	85.33	67.33	58.53
18	수원	남동	60˚	66.82	78.08	82.49	97.62	99.98	104.62	106.43	100.55	94.81	84.57	69.29	60.87
18	수원	남동	90˚	62.80	70.91	73.97	82.64	82.45	84.06	83.92	81.60	78.35	74.22	65.18	57.84
18	수원	남서	30˚	60.20	73.74	79.88	99.88	108.44	116.35	115.51	109.08	98.54	82.91	61.98	54.03
18	수원	남서	45˚	64.78	76.64	81.45	98.40	105.41	112.17	111.34	107.35	98.09	85.24	66.39	58.71
18	수원	남서	60˚	66.82	76.86	80.67	94.42	99.75	104.88	103.78	102.08	94.42	84.46	68.18	61.05
18	수원	남서	90˚	62.91	69.54	72.24	79.72	82.28	84.20	81.61	82.82	77.96	74.06	63.78	57.92
18	수원	동	30˚	47.16	62.97	72.90	97.12	106.80	115.44	116.26	103.72	90.82	72.03	50.34	41.07
18	수원	동	45˚	48.03	63.17	73.09	95.71	103.98	111.83	112.86	100.89	88.81	71.53	51.53	41.90
18	수원	동	60˚	48.06	62.44	72.13	92.50	99.25	105.94	106.76	96.09	84.90	69.68	51.89	42.25
18	수원	동	90˚	45.75	57.62	66.58	81.17	85.75	89.30	88.42	81.55	72.06	61.98	49.26	40.48
18	수원	서	30˚	47.06	62.19	71.37	94.17	106.40	115.93	113.33	104.86	90.52	71.75	49.54	41.13
18	수원	서	45˚	47.91	62.13	71.12	91.96	103.53	112.36	109.21	102.48	88.45	71.12	50.34	42.02
18	수원	서	60˚	48.20	61.23	70.01	88.49	98.81	106.51	102.70	97.65	84.53	69.39	50.40	42.30
18	수원	서	90˚	45.82	56.57	64.82	77.74	85.13	90.02	84.97	82.30	71.84	62.05	48.22	40.54
18	수원	북서	30˚	34.00	49.37	61.06	86.79	101.93	113.14	109.62	97.77	80.45	58.92	36.52	28.47
18	수원	북서	45˚	32.27	46.03	57.35	81.05	95.97	106.83	102.34	91.78	74.51	54.65	34.58	26.99
18	수원	북서	60˚	32.19	44.44	55.06	75.89	89.17	98.62	93.47	84.83	69.14	52.00	34.35	27.03
18	수원	북서	90˚	32.97	42.81	52.73	67.37	76.71	82.77	77.00	71.51	59.66	48.19	35.02	28.29
18	수원	북동	30˚	34.05	49.88	62.16	88.95	102.31	112.68	111.98	97.07	80.66	59.14	37.01	28.47
18	수원	북동	45˚	32.25	46.57	58.62	83.80	96.45	106.22	105.45	90.73	74.73	54.83	34.89	27.01
18	수원	북동	60˚	32.08	44.78	56.28	78.67	89.63	98.01	96.87	83.95	69.27	52.00	34.48	27.07
18	수원	북동	90˚	32.99	42.92	53.49	69.29	77.41	81.90	79.57	71.68	59.58	47.92	35.07	28.29
18	수원	북	30˚	27.02	41.61	55.50	84.14	100.54	112.30	109.54	94.42	75.34	51.27	29.06	22.50
18	수원	북	45˚	28.13	37.22	46.75	75.05	92.74	104.83	101.17	85.38	64.69	43.53	29.07	23.97
18	수원	북	60˚	29.67	38.27	44.22	64.16	82.05	93.60	88.90	73.43	55.55	43.80	30.68	25.38
18	수원	북	90˚	31.84	39.46	46.68	58.37	66.54	71.88	67.43	61.36	52.18	43.54	33.08	27.58
19	대관	수평	0˚	39.82	46.28	71.58	87.40	103.04	103.34	112.43	102.55	73.61	58.52	43.01	36.18
19	대관	남	30˚	66.65	65.83	87.61	96.21	107.09	104.65	115.48	112.29	87.00	76.45	64.95	61.64
19	대관	남	45˚	76.53	72.24	90.75	95.60	103.73	100.18	110.52	110.21	88.62	81.13	72.28	71.05
19	대관	남	60˚	83.08	75.75	90.26	91.70	97.17	92.75	101.73	103.65	86.65	82.46	76.45	77.35
19	대관	남	90˚	84.69	73.38	78.80	74.88	76.44	71.86	75.61	78.90	72.68	74.95	74.45	79.09
19	대관	남동	30˚	57.19	60.68	84.02	95.28	108.20	107.14	116.03	110.67	84.08	72.23	58.49	54.09
19	대관	남동	45˚	63.44	65.46	86.39	95.44	106.59	104.84	112.50	108.83	85.30	75.63	63.30	60.39
19	대관	남동	60˚	67.63	68.16	86.17	92.97	102.15	99.77	105.87	103.48	83.74	76.28	65.61	64.58
19	대관	남동	90˚	67.83	66.38	77.13	80.49	86.67	83.31	85.39	83.94	72.69	69.82	63.18	65.18
19	대관	남서	30˚	60.92	61.23	84.41	94.93	106.58	104.33	115.59	111.14	84.77	71.55	59.62	54.55
19	대관	남서	45˚	68.46	65.96	86.84	94.66	104.29	101.08	111.94	109.34	86.16	74.88	65.11	61.35
19	대관	남서	60˚	73.54	68.75	86.66	91.95	99.47	95.55	105.16	104.02	84.66	75.45	67.93	65.74
19	대관	남서	90˚	74.29	66.96	77.64	79.67	84.47	80.22	84.94	84.38	73.62	68.93	65.49	66.16
19	대관	동	30˚	42.21	50.54	75.36	90.33	106.62	107.69	114.61	105.28	76.65	62.13	46.07	39.58
19	대관	동	45˚	44.65	53.03	75.96	89.78	105.29	106.33	111.50	102.54	76.35	63.04	47.72	42.03
19	대관	동	60˚	46.86	54.89	75.23	87.52	101.99	102.70	105.95	97.62	74.56	62.88	48.71	44.28
19	대관	동	90˚	49.17	55.21	69.32	78.60	90.38	89.75	89.83	82.37	66.87	59.02	47.80	46.20
19	대관	서	30˚	45.62	50.99	75.83	89.57	104.26	103.79	114.03	105.87	77.67	61.36	47.44	40.32
19	대관	서	45˚	48.96	53.57	76.52	88.74	102.13	101.18	110.68	103.32	77.57	62.08	49.41	42.99
19	대관	서	60˚	51.90	55.47	75.81	86.56	98.60	97.14	105.12	98.45	75.95	61.78	50.53	45.08
19	대관	서	90˚	54.24	55.74	69.95	78.17	88.00	85.72	89.33	83.06	68.29	57.85	49.79	46.91
19	대관	북서	30˚	28.72	38.74	64.44	81.61	99.90	101.81	110.18	98.33	67.82	49.35	33.82	25.22
19	대관	북서	45˚	27.99	37.90	61.23	77.06	94.62	96.58	103.63	91.88	63.98	46.56	32.53	24.52
19	대관	북서	60˚	29.35	38.42	59.13	73.17	88.92	90.40	95.73	84.83	60.81	45.24	32.91	25.76
19	대관	북서	90˚	34.22	40.63	56.26	67.21	79.61	79.63	80.87	72.12	56.05	44.20	34.84	30.12
19	대관	북동	30˚	27.48	38.58	64.08	82.09	101.61	104.65	110.58	97.81	67.05	49.82	33.25	24.97
19	대관	북동	45˚	26.82	37.76	60.85	77.79	96.92	100.54	104.21	91.25	63.08	47.17	31.92	24.43
19	대관	북동	60˚	28.21	38.29	58.76	73.60	91.39	94.73	96.34	84.15	59.79	45.97	32.32	25.70
19	대관	북동	90˚	33.47	40.49	55.87	67.00	80.78	82.23	81.12	71.60	54.97	44.98	34.34	30.08
19	대관	북	30˚	19.54	30.46	57.50	77.85	99.15	102.82	109.19	94.85	62.03	41.87	25.74	18.15
19	대관	북	45˚	21.91	28.76	48.58	69.47	92.11	97.02	101.19	85.36	53.32	35.99	26.50	20.48
19	대관	북	60˚	25.18	31.50	46.34	59.68	82.25	87.97	89.57	72.87	46.89	37.45	28.69	23.16
19	대관	북	90˚	32.06	36.49	48.66	56.53	68.84	70.68	69.70	61.50	47.73	39.91	32.41	28.78
20	추풍	수평	0˚	43.67	49.40	74.82	75.47	99.23	127.03	109.60	96.04	90.64	66.85	44.37	40.93
20	추풍	남	30˚	66.16	67.39	88.28	82.20	101.36	128.15	113.92	103.74	103.23	84.12	63.93	65.30
20	추풍	남	45˚	73.61	72.67	90.27	81.97	97.76	121.30	109.08	101.22	103.19	88.14	70.10	73.75
20	추풍	남	60˚	77.80	74.92	88.83	79.34	91.31	110.01	99.92	94.58	98.84	88.63	73.25	78.89
20	추풍	남	90˚	75.46	69.98	76.31	67.39	72.45	79.02	72.12	71.14	78.59	79.18	69.83	78.03
20	추풍	남동	30˚	59.43	63.15	85.16	82.81	102.22	129.23	114.70	103.21	100.34	80.32	58.25	57.63
20	추풍	남동	45˚	64.31	67.00	86.36	83.82	100.29	123.94	111.01	101.16	99.70	83.22	62.24	62.97
20	추풍	남동	60˚	66.73	68.46	85.04	83.00	96.22	115.14	103.63	95.84	95.65	83.26	63.81	65.96
20	추풍	남동	90˚	63.33	63.87	74.77	75.49	82.82	90.47	81.48	77.08	78.41	75.18	60.09	63.83
20	추풍	남서	30˚	60.47	62.14	84.29	80.77	101.44	128.35	113.35	101.43	100.40	78.57	58.86	59.09
20	추풍	남서	45˚	65.58	65.45	85.11	80.89	99.14	122.84	109.47	98.78	99.78	80.93	63.31	65.15
20	추풍	남서	60˚	68.22	66.56	83.58	79.61	94.88	113.97	102.12	93.18	95.77	80.59	65.22	68.62
20	추풍	남서	90˚	65.11	61.81	73.37	72.66	81.64	89.55	80.11	74.95	78.68	72.23	61.46	66.63
20	추풍	동	30˚	46.40	52.98	76.91	79.65	101.29	128.88	113.23	99.05	92.53	69.99	46.89	43.37
20	추풍	동	45˚	47.65	54.09	76.39	80.63	99.97	124.36	109.74	96.40	90.22	70.38	47.93	44.81
20	추풍	동	60˚	48.30	54.43	74.66	80.36	97.19	117.14	103.59	91.56	86.04	69.51	48.25	45.96
20	추풍	동	90˚	46.96	51.93	67.25	75.62	87.21	96.60	85.49	76.44	72.92	64.02	46.09	45.43
20	추풍	서	30˚	47.42	51.66	75.71	76.74	100.00	127.62	111.46	96.61	92.67	67.78	47.66	45.10
20	추풍	서	45˚	48.99	52.45	74.89	76.87	98.27	122.79	107.65	93.28	90.45	67.50	48.86	47.02
20	추풍	서	60˚	49.88	52.58	73.06	76.45	95.24	115.37	101.38	88.24	86.27	66.44	49.23	48.16
20	추풍	서	90˚	48.25	50.25	66.10	72.84	85.77	95.20	83.52	73.85	72.87	61.27	47.44	47.58
20	추풍	북서	30˚	33.79	40.41	65.61	70.66	96.32	125.11	107.96	90.82	82.86	55.55	35.18	30.18
20	추풍	북서	45˚	32.23	38.27	61.40	67.72	91.62	117.31	101.16	84.27	76.77	51.81	33.45	28.80
20	추풍	북서	60˚	32.30	37.78	58.46	65.77	86.58	107.30	92.54	77.35	71.02	49.79	33.24	29.14
20	추풍	북서	90˚	33.68	38.37	54.23	63.67	77.90	87.54	75.75	64.97	60.43	47.71	33.95	31.58
20	추풍	북동	30˚	33.30	41.22	66.43	72.67	97.33	126.08	109.34	92.61	82.79	56.96	34.86	29.53
20	추풍	북동	45˚	31.86	39.07	62.28	70.41	92.92	118.64	102.97	86.62	76.71	53.30	32.98	28.30
20	추풍	북동	60˚	32.05	38.41	59.15	68.32	88.08	108.75	94.40	79.73	71.17	51.09	32.66	28.85
20	추풍	북동	90˚	33.63	38.69	54.46	64.77	78.75	88.60	77.18	66.50	60.78	48.64	33.40	31.35
20	추풍	북	30˚	26.02	33.70	60.40	68.26	95.57	125.02	107.49	89.20	77.85	48.39	27.66	22.49
20	추풍	북	45˚	27.14	30.33	51.10	62.06	89.17	116.36	99.58	80.53	67.27	40.65	27.31	24.42
20	추풍	북	60˚	29.11	32.40	47.55	54.74	80.23	103.26	87.72	69.06	57.44	41.32	28.96	26.52
20	추풍	북	90˚	32.23	35.60	48.41	53.45	66.93	76.28	66.00	56.60	53.21	43.07	31.51	30.31
