지역코드	지역명	방향	각도	1월	2월	3월	4월	5월	6월	7월	8월	9월	10월	11월	12월
01	춘천	수평	0˚	26.34	32.39	40.71	50.39	55.13	58.87	58.03	52.50	46.14	35.11	28.36	24.22
01	춘천	남	30˚	25.75	31.75	40.50	51.15	56.45	60.41	59.50	53.14	46.21	34.55	27.79	23.61
01	춘천	남	45˚	25.60	31.55	40.42	51.48	57.10	61.21	60.28	53.44	46.24	34.36	27.64	23.46
01	춘천	남	60˚	25.48	31.37	40.33	51.83	57.86	62.16	61.11	53.76	46.26	34.18	27.50	23.34
01	춘천	남	90˚	25.21	30.94	40.07	53.25	60.87	66.17	64.58	55.05	46.32	33.72	27.21	23.10
01	춘천	남동	30˚	25.77	31.39	40.25	50.15	54.94	58.82	57.21	53.03	44.70	33.94	27.60	23.61
01	춘천	남동	45˚	25.55	30.96	39.87	49.61	54.30	58.29	56.45	52.92	44.00	33.46	27.35	23.43
01	춘천	남동	60˚	25.34	30.52	39.23	48.58	53.14	57.13	55.08	52.21	43.14	32.94	27.10	23.23
01	춘천	남동	90˚	24.83	29.29	36.93	44.19	47.59	50.11	48.16	48.20	40.20	31.41	26.37	22.79
01	춘천	남서	30˚	25.92	32.18	40.51	50.82	56.49	60.34	60.36	52.36	47.39	35.20	28.18	23.80
01	춘천	남서	45˚	25.78	32.03	40.22	50.52	56.50	60.32	60.69	51.91	47.67	35.02	28.05	23.64
01	춘천	남서	60˚	25.60	31.77	39.66	49.65	55.69	59.60	60.31	51.03	47.49	34.70	27.91	23.48
01	춘천	남서	90˚	25.13	30.78	37.50	45.41	50.11	53.53	55.44	46.88	45.59	33.30	27.45	23.11
01	춘천	동	30˚	25.48	30.76	39.60	48.87	53.32	57.05	55.28	52.37	43.50	33.17	27.24	23.30
01	춘천	동	45˚	24.49	29.34	38.00	46.91	51.39	55.15	53.08	50.99	41.73	31.71	26.15	22.34
01	춘천	동	60˚	23.26	27.65	35.90	44.09	48.53	52.04	49.83	48.50	39.47	30.02	24.89	21.24
01	춘천	동	90˚	20.58	23.73	30.59	36.17	40.12	41.83	39.85	39.94	33.32	25.97	21.93	18.76
01	춘천	서	30˚	25.80	32.09	40.01	49.89	55.57	59.24	59.76	51.32	47.63	35.17	28.21	23.60
01	춘천	서	45˚	24.82	30.87	38.51	48.18	54.23	58.06	59.09	49.67	46.90	33.78	27.33	22.64
01	춘천	서	60˚	23.63	29.26	36.48	45.46	51.45	55.53	56.97	47.11	45.10	31.73	26.06	21.43
01	춘천	서	90˚	20.79	25.07	31.14	37.41	42.17	45.69	47.26	38.93	38.08	26.53	23.07	18.85
01	춘천	북서	30˚	25.26	32.10	40.11	49.61	54.87	58.35	58.73	51.12	47.67	35.37	28.01	22.61
01	춘천	북서	45˚	20.50	27.77	36.92	47.27	53.55	57.30	58.39	48.90	46.11	31.02	23.66	17.23
01	춘천	북서	60˚	15.74	21.83	31.66	41.94	49.17	53.85	55.26	44.00	40.68	24.35	18.40	12.37
01	춘천	북서	90˚	10.29	14.07	21.74	29.51	34.60	38.09	38.47	30.88	24.89	15.40	12.35	7.56
01	춘천	북동	30˚	24.94	30.63	39.70	48.62	52.91	56.44	54.86	52.04	43.51	33.13	26.89	22.44
01	춘천	북동	45˚	20.36	26.30	36.35	45.89	50.66	54.34	52.30	50.26	40.42	29.39	22.53	17.42
01	춘천	북동	60˚	15.29	20.71	31.06	40.52	46.17	50.01	47.52	45.31	35.24	24.35	17.81	12.11
01	춘천	북동	90˚	8.91	13.02	22.18	27.93	33.21	34.73	33.34	31.23	24.12	16.33	12.55	6.26
01	춘천	북	30˚	31.40	35.47	41.31	49.17	53.41	56.81	56.13	51.48	45.97	37.43	33.04	30.22
01	춘천	북	45˚	12.79	2.35	42.39	47.64	51.77	55.07	54.43	50.22	45.59	42.82	0.00	0.00
01	춘천	북	60˚	12.79	2.35	12.16	40.51	47.68	51.44	50.59	44.70	24.33	1.84	0.00	0.00
01	춘천	북	90˚	12.79	2.36	2.70	9.77	17.22	18.08	18.46	12.44	3.72	1.84	0.00	0.00
02	강릉	수평	0˚	26.40	32.48	39.90	48.54	54.48	57.09	54.54	52.22	43.73	35.29	28.79	24.37
02	강릉	남	30˚	25.79	31.89	39.69	49.12	55.79	58.94	55.97	53.18	43.74	34.84	28.15	23.79
02	강릉	남	45˚	25.63	31.71	39.60	49.38	56.45	59.91	56.73	53.62	43.74	34.68	27.97	23.65
02	강릉	남	60˚	25.50	31.54	39.52	49.64	57.22	61.08	57.65	54.05	43.75	34.54	27.82	23.54
02	강릉	남	90˚	25.22	31.15	39.26	50.66	60.38	65.86	61.89	55.83	43.74	34.16	27.48	23.31
02	강릉	남동	30˚	25.96	31.91	39.58	49.02	55.20	58.10	56.04	53.34	44.08	35.06	28.22	24.05
02	강릉	남동	45˚	25.78	31.63	39.29	48.74	54.85	57.79	56.15	53.22	43.91	34.85	28.00	23.95
02	강릉	남동	60˚	25.59	31.27	38.71	47.93	53.82	56.67	55.30	52.47	43.44	34.57	27.79	23.82
02	강릉	남동	90˚	25.11	30.16	36.65	44.03	47.91	49.46	49.37	48.00	41.15	33.31	27.05	23.46
02	강릉	남서	30˚	25.82	31.94	39.57	48.13	54.86	57.72	54.45	51.57	42.99	34.65	28.21	23.72
02	강릉	남서	45˚	25.63	31.71	39.28	47.59	54.45	57.29	53.81	50.84	42.47	34.28	27.94	23.51
02	강릉	남서	60˚	25.41	31.36	38.70	46.62	53.42	56.11	52.58	49.63	41.69	33.87	27.68	23.32
02	강릉	남서	90˚	24.87	30.29	36.62	42.82	47.99	49.56	46.88	44.70	38.73	32.46	26.89	22.89
02	강릉	동	30˚	25.79	31.60	39.03	48.14	53.87	56.52	54.98	52.51	43.74	34.83	27.96	23.99
02	강릉	동	45˚	24.82	30.26	37.54	46.39	52.11	54.73	53.65	51.01	42.43	33.60	26.86	23.06
02	강릉	동	60˚	23.58	28.62	35.58	43.60	49.08	51.58	50.85	48.22	40.45	31.94	25.58	21.96
02	강릉	동	90˚	20.79	24.60	30.55	35.61	40.13	41.69	42.26	39.09	34.84	27.84	22.45	19.42
02	강릉	서	30˚	25.59	31.60	38.98	46.93	53.57	56.01	52.88	50.01	42.04	34.15	27.84	23.36
02	강릉	서	45˚	24.56	30.35	37.47	45.03	51.85	54.18	51.01	47.86	40.23	32.80	26.63	22.43
02	강릉	서	60˚	23.37	28.83	35.46	42.47	49.13	51.21	48.26	44.91	37.82	31.10	25.07	21.33
02	강릉	서	90˚	20.54	25.12	30.39	35.45	41.16	42.14	41.09	36.60	31.82	27.17	21.71	19.03
02	강릉	북서	30˚	25.11	31.53	39.02	46.76	53.09	55.24	52.48	49.78	42.08	34.17	27.46	22.49
02	강릉	북서	45˚	20.40	27.60	35.68	43.92	51.21	53.40	50.48	46.92	38.73	30.56	22.52	17.52
02	강릉	북서	60˚	15.50	22.72	30.53	38.72	46.99	49.34	46.52	41.58	33.14	25.69	17.17	13.31
02	강릉	북서	90˚	9.48	16.02	21.41	27.42	34.62	35.54	35.82	28.50	23.71	17.90	10.59	8.65
02	강릉	북동	30˚	25.32	31.54	39.11	47.90	53.27	55.65	54.07	52.09	43.77	34.89	27.66	23.14
02	강릉	북동	45˚	20.83	27.38	35.83	45.23	51.39	53.93	52.92	50.13	41.27	31.28	23.24	18.13
02	강릉	북동	60˚	16.07	21.86	30.76	39.38	46.63	49.66	48.85	44.85	36.43	26.06	17.51	12.52
02	강릉	북동	90˚	9.42	14.32	21.65	26.49	32.86	35.17	35.20	29.94	25.40	17.18	11.66	6.17
02	강릉	북	30˚	31.86	35.43	40.55	47.49	52.75	54.81	52.76	50.75	43.70	37.21	32.92	30.17
02	강릉	북	45˚	0.00	0.00	42.03	46.00	51.12	52.93	51.18	49.06	43.60	42.99	0.00	0.00
02	강릉	북	60˚	0.00	0.00	13.01	36.15	47.11	49.20	47.71	42.83	24.05	0.00	0.00	0.00
02	강릉	북	90˚	0.00	0.00	2.35	7.75	16.84	19.35	18.16	11.70	4.14	0.00	0.00	0.00
03	서울	수평	0˚	27.62	33.71	41.59	51.07	55.10	57.07	58.80	50.55	43.80	35.40	29.21	25.29
03	서울	남	30˚	27.32	33.22	41.39	51.55	56.35	58.94	60.07	51.52	43.98	34.90	28.70	24.86
03	서울	남	45˚	27.24	33.06	41.32	51.77	56.99	59.92	60.75	51.93	44.05	34.74	28.56	24.76
03	서울	남	60˚	27.17	32.92	41.23	52.01	57.73	61.11	61.57	52.34	44.10	34.58	28.44	24.67
03	서울	남	90˚	27.02	32.57	40.99	53.00	60.80	65.93	64.80	53.96	44.29	34.17	28.16	24.49
03	서울	남동	30˚	27.48	33.36	41.83	50.82	55.86	58.22	59.61	52.25	43.30	35.10	28.57	25.05
03	서울	남동	45˚	27.43	33.12	41.75	50.41	55.62	57.96	59.49	52.38	42.79	34.89	28.36	24.97
03	서울	남동	60˚	27.38	32.85	41.41	49.57	54.67	56.83	58.80	51.71	41.93	34.53	28.12	24.87
03	서울	남동	90˚	27.23	31.87	39.71	45.68	49.17	49.79	53.27	47.75	38.85	33.19	27.45	24.64
03	서울	남서	30˚	27.26	33.17	40.88	51.60	55.48	57.57	59.25	49.27	43.87	34.70	29.00	24.81
03	서울	남서	45˚	27.15	32.92	40.47	51.50	55.13	57.05	58.88	48.33	43.54	34.32	28.86	24.66
03	서울	남서	60˚	27.03	32.63	39.89	50.87	54.08	55.78	57.95	47.01	42.78	33.88	28.72	24.52
03	서울	남서	90˚	26.74	31.64	37.78	47.41	48.48	48.73	51.71	42.01	39.78	32.43	28.27	24.18
03	서울	동	30˚	27.64	33.14	41.74	49.89	54.69	56.59	58.57	51.76	42.26	34.84	28.29	25.05
03	서울	동	45˚	27.15	32.01	40.67	48.27	53.14	54.82	57.36	50.35	40.38	33.54	27.24	24.35
03	서울	동	60˚	26.28	30.46	38.94	45.76	50.37	51.71	54.91	47.82	37.98	31.82	25.98	23.35
03	서울	동	90˚	24.01	26.55	33.91	38.05	41.53	41.90	45.80	39.61	31.93	27.34	22.83	20.79
03	서울	서	30˚	27.20	32.85	40.23	51.05	54.19	55.82	58.02	47.41	43.06	34.19	28.98	24.60
03	서울	서	45˚	26.60	31.73	38.78	49.76	52.51	53.88	56.51	45.03	41.30	32.78	28.15	23.83
03	서울	서	60˚	25.77	30.24	36.83	47.47	49.69	50.78	53.79	41.94	38.88	31.02	26.93	22.81
03	서울	서	90˚	23.53	26.40	31.87	39.83	41.07	41.48	44.43	34.24	32.63	26.73	23.87	20.35
03	서울	북서	30˚	26.89	32.83	40.33	50.80	53.69	55.11	57.49	47.23	42.99	34.21	28.79	23.86
03	서울	북서	45˚	23.23	29.02	37.30	49.02	51.85	53.17	55.95	43.93	39.80	30.43	24.59	18.99
03	서울	북서	60˚	18.92	23.82	32.36	44.27	47.50	48.97	52.05	38.39	34.29	25.20	19.37	13.45
03	서울	북서	90˚	14.15	16.20	23.12	31.29	34.54	35.20	37.32	27.08	23.99	17.61	11.67	7.48
03	서울	북동	30˚	27.40	33.14	41.91	49.75	54.11	55.66	57.89	51.22	42.20	34.94	27.97	24.34
03	서울	북동	45˚	23.72	29.34	39.45	47.48	52.48	53.98	56.70	49.50	38.89	31.19	23.58	19.38
03	서울	북동	60˚	18.56	23.53	34.56	42.46	48.15	49.76	53.16	44.43	33.61	25.53	18.67	13.64
03	서울	북동	90˚	11.20	14.05	24.11	30.00	34.51	34.82	37.59	30.12	23.26	16.80	12.78	7.01
03	서울	북	30˚	31.78	36.07	42.15	50.26	53.47	54.75	57.24	49.03	43.38	37.45	33.02	30.32
03	서울	북	45˚	0.00	0.00	43.40	49.18	51.92	52.85	55.83	47.23	42.49	43.54	0.00	0.00
03	서울	북	60˚	0.00	0.00	13.41	43.21	48.08	49.09	52.65	40.10	25.10	0.00	0.00	0.00
03	서울	북	90˚	0.00	0.00	0.00	10.63	17.62	19.23	20.22	11.31	4.59	0.00	0.00	0.00
04	인천	수평	0˚	26.36	32.62	41.80	49.68	54.94	57.62	57.31	52.37	43.83	36.84	28.36	24.41
04	인천	남	30˚	25.70	32.03	41.62	50.19	56.33	59.56	58.99	53.36	43.87	36.35	27.75	23.76
04	인천	남	45˚	25.53	31.85	41.55	50.40	57.02	60.56	59.85	53.85	43.88	36.17	27.58	23.60
04	인천	남	60˚	25.39	31.68	41.47	50.60	57.80	61.78	60.85	54.32	43.88	36.00	27.44	23.47
04	인천	남	90˚	25.09	31.28	41.24	51.31	60.97	66.66	64.76	56.30	43.88	35.56	27.12	23.21
04	인천	남동	30˚	25.80	32.06	42.30	49.71	55.07	58.56	57.16	51.55	43.15	36.27	27.61	23.85
04	인천	남동	45˚	25.57	31.74	42.25	49.36	54.55	58.19	56.42	50.87	42.65	35.95	27.36	23.66
04	인천	남동	60˚	25.36	31.40	41.89	48.55	53.39	57.00	55.12	49.80	41.86	35.48	27.08	23.47
04	인천	남동	90˚	24.82	30.29	39.88	44.90	47.62	50.08	48.50	45.44	39.07	33.86	26.33	23.02
04	인천	남서	30˚	25.79	32.11	40.71	49.54	55.96	58.34	58.89	54.00	44.07	36.35	28.08	23.87
04	인천	남서	45˚	25.61	31.86	40.11	49.13	55.77	57.89	58.86	54.06	43.90	36.03	27.89	23.70
04	인천	남서	60˚	25.41	31.56	39.36	48.24	54.81	56.63	58.01	53.48	43.25	35.59	27.70	23.50
04	인천	남서	90˚	24.82	30.50	36.82	44.09	49.07	48.82	51.28	48.83	40.46	34.04	27.12	23.05
04	인천	동	30˚	25.52	31.69	42.19	48.85	53.53	56.80	55.21	50.02	42.23	35.84	27.23	23.57
04	인천	동	45˚	24.49	30.39	40.95	47.25	51.65	54.94	53.07	48.10	40.53	34.43	26.08	22.57
04	인천	동	60˚	23.21	28.74	38.94	44.85	48.73	51.86	49.93	45.56	38.33	32.58	24.80	21.39
04	인천	동	90˚	20.52	24.94	33.31	37.75	40.15	41.84	40.54	38.26	32.56	27.92	21.83	18.77
04	인천	서	30˚	25.60	31.81	39.77	48.59	54.79	56.63	57.73	53.36	43.58	36.00	27.94	23.59
04	인천	서	45˚	24.51	30.59	38.06	46.82	53.23	54.69	56.30	52.14	42.00	34.63	26.90	22.58
04	인천	서	60˚	23.26	29.04	35.92	44.02	50.36	51.39	53.31	49.32	39.63	32.83	25.52	21.38
04	인천	서	90˚	20.39	25.28	30.79	36.26	41.33	40.98	42.51	39.80	33.13	28.26	22.39	18.76
04	인천	북서	30˚	25.08	31.78	39.87	48.45	54.14	55.87	56.77	52.80	43.60	36.17	27.63	22.72
04	인천	북서	45˚	20.26	27.79	36.57	45.89	52.55	53.96	55.51	51.36	40.62	32.64	23.11	17.66
04	인천	북서	60˚	15.38	22.74	31.54	40.36	48.13	49.55	51.21	46.01	34.80	27.30	17.96	12.41
04	인천	북서	90˚	9.47	15.69	21.74	27.90	34.28	34.88	34.34	30.97	23.85	18.40	10.63	7.26
04	인천	북동	30˚	25.01	31.62	42.32	48.73	53.05	55.91	54.68	49.74	42.26	35.99	26.86	22.73
04	인천	북동	45˚	20.41	27.50	39.52	46.42	50.93	54.08	52.27	47.18	39.22	32.34	22.52	17.59
04	인천	북동	60˚	15.45	22.08	34.09	41.62	46.45	49.88	47.71	42.67	34.24	26.84	17.92	12.36
04	인천	북동	90˚	9.82	13.67	22.69	28.80	33.47	34.53	33.52	30.89	24.07	17.47	12.14	7.24
04	인천	북	30˚	31.86	35.51	42.28	48.79	53.13	55.24	55.10	50.89	43.75	38.66	32.67	30.31
04	인천	북	45˚	0.00	2.50	43.41	47.57	51.46	53.30	53.19	49.25	43.52	43.36	0.00	0.00
04	인천	북	60˚	0.00	2.51	9.10	40.53	47.43	49.46	49.08	43.68	25.89	0.00	0.00	0.00
04	인천	북	90˚	0.00	2.52	3.56	9.16	17.12	19.24	17.14	13.15	4.15	0.00	0.00	0.00
05	원주	수평	0˚	26.40	32.92	41.55	50.12	55.93	58.71	58.01	52.68	44.20	36.27	28.84	25.02
05	원주	남	30˚	25.81	32.34	41.36	50.72	57.10	60.14	59.39	53.42	44.30	35.80	28.16	24.50
05	원주	남	45˚	25.66	32.16	41.28	50.98	57.71	60.91	60.09	53.76	44.33	35.63	27.97	24.37
05	원주	남	60˚	25.53	31.99	41.20	51.24	58.42	61.91	60.95	54.11	44.36	35.48	27.81	24.27
05	원주	남	90˚	25.26	31.58	40.95	52.22	61.32	66.30	64.69	55.61	44.45	35.07	27.44	24.05
05	원주	남동	30˚	26.02	32.39	41.13	50.09	56.76	59.87	58.28	52.34	43.47	35.89	28.54	24.83
05	원주	남동	45˚	25.86	32.09	40.82	49.66	56.52	59.85	57.90	51.86	42.92	35.64	28.41	24.77
05	원주	남동	60˚	25.70	31.72	40.27	48.76	55.67	59.08	56.85	50.82	42.11	35.30	28.26	24.67
05	원주	남동	90˚	25.28	30.57	38.17	44.71	50.27	52.81	50.91	45.87	39.09	33.98	27.59	24.41
05	원주	남서	30˚	25.78	32.39	41.41	50.19	56.19	58.99	58.97	53.37	44.54	35.69	27.95	24.34
05	원주	남서	45˚	25.58	32.14	41.18	49.86	55.86	58.61	58.82	53.24	44.38	35.35	27.59	24.13
05	원주	남서	60˚	25.36	31.81	40.70	48.98	54.84	57.53	57.94	52.52	43.84	34.94	27.25	23.93
05	원주	남서	90˚	24.81	30.72	38.75	44.98	49.18	50.88	51.36	48.43	41.41	33.45	26.36	23.48
05	원주	동	30˚	25.92	32.05	40.61	49.07	55.70	58.79	56.86	51.16	42.42	35.60	28.52	24.88
05	원주	동	45˚	24.98	30.73	39.17	47.32	54.28	57.60	55.22	49.28	40.57	34.39	27.43	24.12
05	원주	동	60˚	23.76	29.07	37.17	44.65	51.63	55.04	52.51	46.35	38.09	32.78	26.10	23.12
05	원주	동	90˚	21.06	25.09	31.68	36.72	42.87	45.69	43.54	37.76	31.91	28.70	22.78	20.61
05	원주	서	30˚	25.52	32.07	41.03	49.26	54.94	57.48	57.80	52.69	44.09	35.31	27.39	23.98
05	원주	서	45˚	24.50	30.81	39.75	47.51	53.29	55.82	56.39	51.36	42.73	33.93	26.14	23.04
05	원주	서	60˚	23.33	29.26	37.87	44.86	50.50	52.97	53.55	48.97	40.67	32.09	24.63	21.87
05	원주	서	90˚	20.63	25.43	32.57	36.90	41.73	43.64	43.77	41.09	34.75	27.69	21.44	19.26
05	원주	북서	30˚	25.02	32.03	41.17	49.03	54.44	56.83	57.06	52.37	44.09	35.42	27.07	23.16
05	원주	북서	45˚	20.56	28.06	38.36	46.55	52.65	55.14	55.74	50.74	41.51	31.71	22.41	17.99
05	원주	북서	60˚	15.84	22.98	33.23	41.21	48.34	51.31	51.75	46.35	36.37	26.41	17.38	13.09
05	원주	북서	90˚	9.45	16.09	23.29	28.47	34.72	37.08	37.02	33.32	24.79	17.86	10.45	8.08
05	원주	북동	30˚	25.43	32.05	40.70	48.91	55.15	57.97	56.29	50.92	42.38	35.72	28.26	24.19
05	원주	북동	45˚	20.97	27.98	37.60	46.40	53.70	56.91	54.57	48.51	38.96	32.40	23.72	19.47
05	원주	북동	60˚	15.73	22.47	32.14	41.08	49.59	53.57	50.71	43.29	33.32	27.25	17.89	13.52
05	원주	북동	90˚	9.24	14.21	22.20	28.32	35.71	38.97	36.13	30.10	23.07	17.50	11.16	6.62
05	원주	북	30˚	31.77	35.80	42.11	49.09	54.38	56.88	56.20	51.54	43.97	38.09	32.93	30.40
05	원주	북	45˚	0.00	0.00	43.37	47.72	52.92	55.35	54.62	50.23	43.43	43.61	0.00	0.00
05	원주	북	60˚	0.00	0.00	11.45	40.45	49.27	52.19	51.20	45.40	24.55	0.00	0.00	0.00
05	원주	북	90˚	0.00	0.00	2.54	9.60	17.98	20.13	18.05	11.66	4.03	0.00	0.00	0.00
06	청주	수평	0˚	27.54	34.08	42.17	50.66	56.73	59.06	56.96	52.85	48.84	37.46	29.81	25.69
06	청주	남	30˚	26.91	33.53	42.02	51.19	57.90	60.54	58.64	53.75	48.95	37.00	29.23	25.14
06	청주	남	45˚	26.75	33.35	41.95	51.41	58.47	61.32	59.46	54.19	49.00	36.83	29.06	25.00
06	청주	남	60˚	26.61	33.18	41.89	51.64	59.12	62.31	60.42	54.66	49.04	36.67	28.92	24.88
06	청주	남	90˚	26.30	32.77	41.68	52.57	61.82	66.75	64.54	56.49	49.19	36.24	28.59	24.64
06	청주	남동	30˚	27.00	33.80	42.32	50.73	57.37	59.19	57.94	52.21	49.12	37.51	29.49	25.37
06	청주	남동	45˚	26.78	33.56	42.17	50.36	57.08	58.76	57.66	51.60	49.15	37.40	29.36	25.27
06	청주	남동	60˚	26.55	33.26	41.69	49.49	56.19	57.67	56.59	50.53	48.97	37.15	29.20	25.13
06	청주	남동	90˚	25.98	32.07	39.55	45.43	50.72	51.05	49.88	45.69	47.42	35.96	28.57	24.77
06	청주	남서	30˚	27.02	33.32	41.50	50.58	57.02	60.42	57.25	54.26	48.50	36.55	29.12	25.09
06	청주	남서	45˚	26.84	32.98	41.10	50.21	56.72	60.48	56.74	54.32	48.29	36.11	28.84	24.89
06	청주	남서	60˚	26.63	32.60	40.47	49.32	55.73	59.76	55.54	53.74	47.93	35.59	28.57	24.69
06	청주	남서	90˚	26.02	31.41	38.14	45.25	49.62	53.25	48.75	49.96	45.88	33.84	27.83	24.23
06	청주	동	30˚	26.76	33.64	42.01	49.85	56.27	57.73	56.51	50.75	49.06	37.52	29.49	25.32
06	청주	동	45˚	25.71	32.32	40.71	48.19	54.83	56.10	54.81	48.79	48.53	36.53	28.49	24.46
06	청주	동	60˚	24.37	30.46	38.73	45.56	52.23	53.35	51.80	45.94	47.19	35.03	27.18	23.33
06	청주	동	90˚	21.40	25.81	33.32	37.60	43.51	44.25	42.32	37.55	42.07	30.76	23.78	20.51
06	청주	서	30˚	26.84	32.83	40.82	49.65	55.84	59.40	55.63	53.71	48.05	36.00	28.80	24.79
06	청주	서	45˚	25.77	31.59	39.28	47.94	54.24	58.31	53.75	52.60	47.12	34.49	27.72	23.84
06	청주	서	60˚	24.54	30.07	37.24	45.29	51.35	55.74	50.70	50.33	45.42	32.54	26.31	22.64
06	청주	서	90˚	21.58	26.24	31.83	37.29	41.93	45.87	41.32	42.50	39.62	27.78	23.01	19.93
06	청주	북서	30˚	26.46	32.82	40.89	49.47	55.37	58.52	55.07	53.22	47.99	36.14	28.61	24.10
06	청주	북서	45˚	21.85	29.16	37.83	47.07	53.65	57.61	53.10	51.94	46.30	32.40	24.21	19.16
06	청주	북서	60˚	16.79	24.06	32.76	41.82	49.31	54.39	48.85	47.61	41.88	26.90	18.90	13.34
06	청주	북서	90˚	10.51	15.96	22.65	28.61	34.37	39.22	34.73	34.77	29.97	18.46	11.28	8.22
06	청주	북동	30˚	26.37	33.70	42.14	49.73	55.81	57.20	55.76	50.46	49.00	37.78	29.35	24.69
06	청주	북동	45˚	21.92	29.38	39.39	47.41	54.28	55.52	54.13	47.87	48.01	35.00	25.02	19.71
06	청주	북동	60˚	16.91	22.96	34.22	42.21	50.32	51.93	49.93	42.75	44.37	29.95	19.48	14.06
06	청주	북동	90˚	10.42	13.83	24.92	29.03	36.03	38.49	35.48	30.09	33.90	20.56	13.15	7.26
06	청주	북	30˚	32.24	36.64	42.57	49.75	55.22	57.33	54.89	51.51	48.60	39.19	33.69	30.54
06	청주	북	45˚	0.00	45.02	43.35	48.56	53.80	55.89	53.13	49.99	48.14	43.71	0.00	0.00
06	청주	북	60˚	0.00	0.00	15.89	42.12	50.32	52.96	49.45	44.73	37.68	0.00	0.00	0.00
06	청주	북	90˚	0.00	0.00	2.63	8.74	17.00	21.78	17.54	14.85	4.34	0.00	0.00	0.00
07	대전	수평	0˚	27.39	33.75	42.09	49.86	56.17	57.60	58.93	51.54	46.19	36.74	29.95	25.98
07	대전	남	30˚	26.76	33.15	41.94	50.43	57.48	59.59	60.03	52.60	46.31	36.27	29.35	25.46
07	대전	남	45˚	26.59	32.96	41.88	50.67	58.10	60.60	60.60	53.07	46.36	36.10	29.18	25.33
07	대전	남	60˚	26.45	32.78	41.81	50.93	58.81	61.83	61.31	53.57	46.40	35.94	29.03	25.22
07	대전	남	90˚	26.14	32.35	41.61	51.91	61.87	66.57	64.62	55.76	46.55	35.51	28.70	25.00
07	대전	남동	30˚	26.98	33.19	42.04	50.15	56.32	58.24	59.25	52.12	45.85	36.05	29.55	25.46
07	대전	남동	45˚	26.78	32.88	41.79	49.86	55.86	57.69	59.01	51.81	45.45	35.66	29.39	25.30
07	대전	남동	60˚	26.58	32.53	41.22	48.98	54.72	56.21	58.17	50.69	44.68	35.15	29.20	25.12
07	대전	남동	90˚	26.05	31.33	38.86	44.72	48.67	47.91	51.76	44.42	41.59	33.37	28.50	24.69
07	대전	남서	30˚	26.74	33.23	41.53	49.61	57.00	58.58	59.59	51.37	46.17	36.43	29.31	25.64
07	대전	남서	45˚	26.54	32.98	41.10	49.09	56.84	58.19	59.43	50.70	45.89	36.16	29.03	25.51
07	대전	남서	60˚	26.31	32.67	40.43	48.10	55.95	56.93	58.70	49.54	45.20	35.77	28.76	25.38
07	대전	남서	90˚	25.66	31.56	37.99	44.02	50.16	49.53	53.26	45.01	42.12	34.31	27.98	25.05
07	대전	동	30˚	26.79	32.91	41.57	49.30	54.90	56.37	58.08	50.99	45.09	35.47	29.43	25.22
07	대전	동	45˚	25.76	31.58	40.09	47.57	53.10	54.25	56.67	48.93	43.45	33.92	28.36	24.34
07	대전	동	60˚	24.41	29.84	37.95	44.80	50.16	50.77	53.91	45.38	41.11	31.94	27.00	23.23
07	대전	동	90˚	21.51	25.64	32.21	36.71	41.06	40.08	44.44	35.70	34.49	27.22	23.56	20.62
07	대전	서	30˚	26.49	32.99	40.79	48.51	55.93	56.91	58.64	49.92	45.51	36.12	28.99	25.58
07	대전	서	45˚	25.40	31.80	39.18	46.68	54.48	55.09	57.49	47.99	43.91	34.80	27.87	24.76
07	대전	서	60˚	24.15	30.27	37.04	44.07	51.73	52.02	55.18	45.41	41.51	33.07	26.44	23.64
07	대전	서	90˚	21.19	26.36	31.59	36.84	42.68	42.08	46.61	38.35	34.56	28.67	23.11	20.92
07	대전	북서	30˚	26.10	33.09	40.85	48.39	55.36	56.11	58.08	49.71	45.51	36.19	28.81	25.02
07	대전	북서	45˚	21.51	29.40	37.66	45.84	53.87	54.40	56.99	47.26	42.72	32.78	24.35	20.22
07	대전	북서	60˚	16.42	24.13	32.50	40.86	49.74	50.44	53.75	42.92	37.14	27.51	18.80	13.70
07	대전	북서	90˚	10.26	16.08	22.60	29.13	35.57	36.07	39.09	31.23	25.53	18.74	11.25	8.39
07	대전	북동	30˚	26.36	32.97	41.69	49.12	54.43	55.63	57.56	50.56	45.13	35.57	29.19	24.60
07	대전	북동	45˚	21.81	28.89	38.62	46.71	52.48	53.60	56.06	48.12	42.37	31.61	24.78	20.04
07	대전	북동	60˚	16.84	23.10	33.13	41.31	48.04	49.14	52.18	42.13	37.08	26.08	19.22	14.65
07	대전	북동	90˚	10.82	14.93	22.67	28.22	33.78	34.15	37.16	28.47	25.49	17.18	12.04	7.50
07	대전	북	30˚	32.27	36.60	42.48	48.89	54.50	55.23	57.45	50.01	45.93	38.48	33.51	30.58
07	대전	북	45˚	0.00	44.84	43.23	47.63	52.95	53.34	56.13	48.37	45.42	43.62	1.92	0.00
07	대전	북	60˚	0.00	0.00	14.58	41.03	49.25	49.71	53.16	43.28	29.75	0.00	1.92	0.00
07	대전	북	90˚	0.00	0.00	2.94	10.07	16.52	20.02	17.14	11.77	3.81	0.00	1.92	0.00
08	대구	수평	0˚	28.00	33.65	42.80	49.54	56.02	58.39	56.76	53.29	46.86	37.12	30.30	26.02
08	대구	남	30˚	27.39	33.02	42.63	50.17	57.28	60.34	58.56	54.34	47.01	36.63	29.75	25.45
08	대구	남	45˚	27.22	32.82	42.56	50.43	57.93	61.30	59.46	54.79	47.07	36.45	29.60	25.30
08	대구	남	60˚	27.08	32.63	42.49	50.72	58.73	62.52	60.60	55.26	47.13	36.28	29.45	25.18
08	대구	남	90˚	26.77	32.16	42.25	51.88	62.09	67.21	65.26	57.09	47.35	35.84	29.14	24.93
08	대구	남동	30˚	27.44	32.88	42.39	49.57	56.92	58.79	57.46	53.08	46.51	37.10	29.98	25.40
08	대구	남동	45˚	27.24	32.52	42.03	49.07	56.67	58.19	57.14	52.49	46.03	36.92	29.84	25.21
08	대구	남동	60˚	26.99	32.08	41.36	48.04	55.71	56.82	55.92	51.28	45.22	36.64	29.70	25.01
08	대구	남동	90˚	26.38	30.75	38.86	43.60	49.70	49.05	48.79	45.56	41.73	35.19	29.06	24.48
08	대구	남서	30˚	27.54	33.23	42.60	49.53	56.24	59.57	57.58	53.91	46.89	36.18	29.67	25.69
08	대구	남서	45˚	27.38	33.01	42.33	49.09	55.82	59.29	57.07	53.64	46.61	35.70	29.40	25.55
08	대구	남서	60˚	27.17	32.67	41.72	48.11	54.75	58.09	55.74	52.77	45.95	35.18	29.15	25.40
08	대구	남서	90˚	26.59	31.52	39.28	43.84	48.76	50.07	48.41	48.18	42.95	33.51	28.37	25.05
08	대구	동	30˚	27.21	32.47	41.77	48.44	55.79	56.95	55.88	51.64	45.68	37.02	29.91	25.14
08	대구	동	45˚	26.15	31.03	40.23	46.48	54.27	54.94	54.06	49.55	43.92	35.78	28.97	24.11
08	대구	동	60˚	24.82	29.28	38.10	43.61	51.47	51.75	50.96	46.30	41.32	33.87	27.76	22.93
08	대구	동	90˚	21.77	25.17	32.39	35.73	42.42	41.74	41.24	37.19	34.30	28.79	24.70	20.18
08	대구	서	30˚	27.43	33.03	42.10	48.49	54.94	58.04	56.00	52.91	46.24	35.54	29.40	25.60
08	대구	서	45˚	26.41	31.77	40.60	46.61	53.23	56.29	54.10	51.34	44.73	34.08	28.31	24.74
08	대구	서	60˚	25.17	30.18	38.46	43.90	50.40	53.05	50.96	48.74	42.47	32.30	26.85	23.59
08	대구	서	90˚	22.11	26.14	32.60	36.27	41.80	42.28	41.54	40.41	35.92	28.05	23.46	20.99
08	대구	북서	30˚	27.15	33.12	42.22	48.33	54.48	57.19	55.34	52.53	46.24	35.64	29.28	25.05
08	대구	북서	45˚	22.81	29.37	39.24	45.72	52.66	55.62	53.58	50.62	43.69	32.15	24.99	20.47
08	대구	북서	60˚	17.70	24.05	33.92	40.48	48.51	51.56	49.38	46.10	38.54	27.03	19.60	14.67
08	대구	북서	90˚	11.07	15.84	23.11	28.35	35.36	35.61	35.70	32.04	26.04	18.42	11.63	9.58
08	대구	북동	30˚	26.87	32.52	41.93	48.29	55.20	56.28	55.15	51.35	45.71	37.26	29.75	24.54
08	대구	북동	45˚	22.34	28.47	38.93	45.55	53.74	54.29	53.37	48.75	42.83	33.66	25.84	19.72
08	대구	북동	60˚	17.51	23.18	33.68	40.05	49.58	50.18	49.16	43.24	37.14	27.54	20.67	14.57
08	대구	북동	90˚	10.58	14.85	23.22	27.54	35.51	35.70	34.50	29.54	25.53	16.60	14.22	7.40
08	대구	북	30˚	32.58	36.54	43.23	48.49	54.43	56.11	54.69	51.78	46.54	38.96	33.80	30.81
08	대구	북	45˚	0.00	37.10	44.08	47.12	52.97	54.29	52.97	50.16	45.97	43.98	0.00	0.00
08	대구	북	60˚	0.00	2.37	17.53	39.98	49.56	50.78	49.46	45.13	32.67	0.00	0.00	0.00
08	대구	북	90˚	0.00	2.37	0.00	8.50	18.25	20.15	20.07	12.86	4.15	0.00	0.00	0.00
09	전주	수평	0˚	28.28	34.82	42.76	49.44	56.07	57.71	53.60	53.85	44.74	37.37	30.32	26.02
09	전주	남	30˚	27.72	34.29	42.52	50.11	57.36	59.53	55.63	54.97	44.83	36.89	29.72	25.42
09	전주	남	45˚	27.57	34.11	42.42	50.36	58.00	60.46	56.65	55.48	44.85	36.71	29.54	25.27
09	전주	남	60˚	27.43	33.94	42.31	50.62	58.81	61.71	57.84	56.08	44.86	36.54	29.39	25.14
09	전주	남	90˚	27.15	33.53	41.99	51.62	62.20	67.17	62.91	58.32	44.86	36.09	29.04	24.87
09	전주	남동	30˚	27.93	34.26	42.22	49.27	56.58	59.32	54.13	55.16	44.63	36.51	29.86	25.64
09	전주	남동	45˚	27.77	33.94	41.79	48.76	56.24	59.28	53.54	55.17	44.27	36.08	29.68	25.51
09	전주	남동	60˚	27.60	33.56	41.15	47.70	55.16	58.26	51.90	54.39	43.45	35.53	29.46	25.35
09	전주	남동	90˚	27.13	32.26	38.70	43.16	48.91	51.10	43.57	48.60	40.09	33.68	28.64	24.91
09	전주	남서	30˚	27.69	34.37	42.57	49.29	56.64	57.72	54.46	53.33	44.15	37.25	29.76	25.40
09	전주	남서	45˚	27.49	34.14	42.29	48.79	56.35	57.16	53.76	52.60	43.65	37.05	29.51	25.20
09	전주	남서	60˚	27.28	33.83	41.74	47.71	55.33	55.70	52.41	51.40	42.77	36.69	29.24	24.99
09	전주	남서	90˚	26.65	32.62	39.33	43.15	49.38	48.08	46.48	46.27	39.57	35.24	28.51	24.49
09	전주	동	30˚	27.84	33.92	41.60	48.15	55.31	58.02	52.11	54.42	43.90	35.92	29.77	25.56
09	전주	동	45˚	26.93	32.59	40.05	46.18	53.65	56.59	49.60	52.97	42.08	34.37	28.50	24.57
09	전주	동	60˚	25.69	30.86	37.93	43.32	50.74	53.68	45.68	49.93	39.47	32.39	26.84	23.34
09	전주	동	90˚	22.78	26.65	32.26	35.85	41.57	43.96	36.24	39.78	32.86	27.58	22.56	20.39
09	전주	서	30˚	27.49	34.09	42.20	48.15	55.43	55.90	52.75	51.74	43.20	37.12	29.45	25.12
09	전주	서	45˚	26.45	32.85	40.75	46.13	53.85	53.89	50.78	49.76	41.37	35.86	28.43	24.13
09	전주	서	60˚	25.19	31.19	38.57	43.24	51.06	50.72	48.01	47.01	38.99	34.13	27.17	22.93
09	전주	서	90˚	22.06	26.97	32.48	35.54	42.21	41.44	40.62	39.03	32.73	29.60	24.15	20.20
09	전주	북서	30˚	27.18	34.13	42.42	47.97	54.91	55.30	52.17	51.48	43.25	37.28	29.30	24.54
09	전주	북서	45˚	22.66	30.31	39.48	45.22	53.28	53.30	50.27	49.04	40.16	34.07	25.49	19.89
09	전주	북서	60˚	17.51	24.85	33.82	39.85	49.22	49.30	46.42	44.52	34.99	28.86	20.74	14.48
09	전주	북서	90˚	11.15	16.67	21.99	26.96	35.71	36.10	35.07	31.99	23.44	19.67	12.64	8.85
09	전주	북동	30˚	27.54	33.99	41.80	48.03	54.79	57.06	51.41	53.82	43.95	36.10	29.57	24.96
09	전주	북동	45˚	23.28	30.19	38.77	45.33	53.11	55.89	48.89	52.30	40.80	32.31	24.27	19.98
09	전주	북동	60˚	18.19	24.57	33.46	40.09	48.86	52.32	43.52	47.23	35.08	26.76	18.15	14.71
09	전주	북동	90˚	11.11	15.79	23.07	28.35	34.94	37.74	30.49	31.53	24.13	18.28	13.18	8.06
09	전주	북	30˚	32.53	37.14	43.39	48.34	54.45	55.57	51.23	52.29	44.54	39.13	33.99	30.85
09	전주	북	45˚	0.00	44.72	44.80	46.94	52.97	53.88	49.28	50.70	44.14	43.74	0.00	0.00
09	전주	북	60˚	0.00	0.00	13.86	40.22	49.55	50.64	45.40	46.22	30.65	0.00	0.00	0.00
09	전주	북	90˚	0.00	0.00	3.12	8.07	17.94	20.89	17.65	14.70	3.80	0.00	0.00	0.00
10	광주	수평	0˚	28.10	34.40	42.93	51.05	56.66	58.32	55.22	52.07	45.73	37.49	30.75	26.50
10	광주	남	30˚	27.39	33.75	42.73	51.58	58.13	60.19	57.31	53.43	45.83	36.99	30.13	25.86
10	광주	남	45˚	27.20	33.54	42.65	51.82	58.84	61.06	58.32	54.00	45.86	36.81	29.95	25.69
10	광주	남	60˚	27.03	33.34	42.56	52.08	59.75	62.15	59.50	54.56	45.88	36.63	29.79	25.55
10	광주	남	90˚	26.67	32.84	42.28	53.09	63.57	65.62	64.49	56.80	45.98	36.15	29.42	25.26
10	광주	남동	30˚	27.41	33.14	42.50	50.50	56.48	58.89	55.88	51.89	45.55	37.06	30.27	26.15
10	광주	남동	45˚	27.13	32.61	42.09	49.96	55.85	58.40	55.32	51.16	45.18	36.76	30.09	26.04
10	광주	남동	60˚	26.84	32.05	41.43	48.90	54.46	56.90	53.79	49.76	44.34	36.30	29.86	25.87
10	광주	남동	90˚	26.12	30.41	38.81	44.26	47.35	48.32	45.58	43.62	40.88	34.55	29.05	25.40
10	광주	남서	30˚	27.58	34.46	42.66	51.69	57.98	58.99	55.89	52.38	45.44	36.88	30.16	25.79
10	광주	남서	45˚	27.40	34.34	42.31	51.53	57.88	58.42	55.19	51.61	45.04	36.50	29.89	25.56
10	광주	남서	60˚	27.19	34.13	41.71	50.80	56.91	56.91	53.72	50.22	44.21	35.98	29.60	25.32
10	광주	남서	90˚	26.48	33.02	39.22	46.91	50.61	48.31	46.71	44.01	41.00	34.18	28.77	24.75
10	광주	동	30˚	27.07	32.43	41.89	49.36	54.81	56.96	54.01	50.24	44.81	36.69	30.12	26.13
10	광주	동	45˚	25.90	30.81	40.29	47.43	52.73	54.83	51.69	47.85	43.01	35.25	28.99	25.07
10	광주	동	60˚	24.46	28.92	38.08	44.61	49.48	51.29	48.01	44.54	40.41	33.32	27.57	23.74
10	광주	동	90˚	21.39	24.67	32.23	36.68	39.78	40.43	38.09	35.76	33.37	28.43	24.05	20.47
10	광주	서	30˚	27.45	34.45	42.15	51.12	56.91	57.48	54.01	50.72	44.66	36.42	29.89	25.45
10	광주	서	45˚	26.30	33.30	40.64	49.74	55.48	55.59	51.85	48.39	42.95	34.91	28.74	24.42
10	광주	서	60˚	24.95	31.68	38.48	47.33	52.71	52.40	48.65	44.99	40.59	32.98	27.28	23.24
10	광주	서	90˚	21.78	27.51	32.78	39.90	43.19	42.05	39.65	35.89	34.13	28.17	23.80	20.46
10	광주	북서	30˚	27.16	34.59	42.31	50.93	56.22	56.95	53.40	50.44	44.74	36.59	29.80	24.97
10	광주	북서	45˚	22.63	30.94	39.39	49.17	54.94	55.31	51.24	47.65	41.92	33.01	25.58	20.47
10	광주	북서	60˚	17.35	25.51	34.16	44.61	51.02	51.57	46.86	42.11	36.72	27.59	20.16	15.33
10	광주	북서	90˚	10.94	16.87	23.43	32.16	36.30	37.13	33.36	28.07	25.63	19.09	12.00	9.22
10	광주	북동	30˚	26.78	32.50	42.08	49.26	54.40	56.18	53.31	49.94	44.87	36.88	30.00	25.58
10	광주	북동	45˚	22.21	28.33	39.02	46.67	52.18	54.14	51.03	47.05	41.86	33.29	25.79	20.34
10	광주	북동	60˚	17.18	22.79	33.61	41.48	47.58	49.74	46.04	41.69	36.17	27.61	20.40	15.22
10	광주	북동	90˚	10.54	14.55	22.89	28.91	33.41	34.39	32.12	28.43	24.51	18.27	13.92	8.66
10	광주	북	30˚	32.77	37.01	43.43	50.17	54.86	56.00	52.79	50.18	45.52	39.30	34.30	31.20
10	광주	북	45˚	0.00	39.81	44.40	49.07	53.28	54.18	50.80	48.26	45.13	43.86	0.00	0.00
10	광주	북	60˚	0.00	2.78	17.12	44.00	49.77	50.78	46.84	42.90	35.38	0.00	0.00	0.00
10	광주	북	90˚	0.00	2.78	3.34	10.29	17.90	20.18	17.47	11.77	4.05	0.00	0.00	0.00
11	부산	수평	0˚	27.98	34.07	42.63	51.50	55.25	59.99	57.17	54.44	45.62	37.48	30.08	25.74
11	부산	남	30˚	27.40	33.45	42.41	51.94	56.80	61.38	58.74	55.07	45.69	37.03	29.43	25.08
11	부산	남	45˚	27.24	33.24	42.32	52.14	57.60	62.16	59.55	55.39	45.72	36.87	29.24	24.91
11	부산	남	60˚	27.10	33.05	42.22	52.38	58.54	63.25	60.63	55.81	45.74	36.71	29.08	24.77
11	부산	남	90˚	26.81	32.57	41.92	53.34	62.24	68.29	65.33	57.62	45.81	36.28	28.71	24.47
11	부산	남동	30˚	27.58	33.47	42.59	51.24	55.85	60.65	57.61	54.38	46.10	37.17	29.54	25.23
11	부산	남동	45˚	27.43	33.16	42.39	50.76	55.30	60.42	57.14	54.02	45.89	36.89	29.32	25.06
11	부산	남동	60˚	27.23	32.71	41.84	49.85	54.03	59.42	55.90	53.06	45.29	36.52	29.11	24.89
11	부산	남동	90˚	26.71	31.31	39.57	45.81	47.51	52.14	49.18	48.20	42.23	34.77	28.27	24.35
11	부산	남서	30˚	27.41	33.45	42.04	51.92	55.79	60.77	58.10	55.11	44.71	36.95	29.51	25.14
11	부산	남서	45˚	27.22	33.16	41.63	51.76	55.30	60.66	57.84	55.10	44.07	36.60	29.24	24.92
11	부산	남서	60˚	27.00	32.74	40.93	51.05	54.03	59.75	56.63	54.37	43.13	36.18	28.99	24.70
11	부산	남서	90˚	26.41	31.40	38.35	46.87	47.06	52.83	48.92	49.43	39.62	34.69	28.23	24.16
11	부산	동	30˚	27.49	33.11	42.24	50.29	54.29	59.44	56.13	53.48	45.73	36.88	29.39	25.14
11	부산	동	45˚	26.49	31.65	40.87	48.65	52.34	58.06	54.36	51.97	44.23	35.44	28.24	24.06
11	부산	동	60˚	25.23	29.85	38.87	46.17	49.28	55.36	51.51	49.49	41.88	33.38	26.80	22.94
11	부산	동	90˚	22.20	25.70	33.30	38.82	40.29	45.75	42.52	42.09	35.46	28.56	23.35	20.28
11	부산	서	30˚	27.22	33.07	41.40	51.37	54.32	59.65	56.75	54.59	43.62	36.54	29.28	24.81
11	부산	서	45˚	26.18	31.71	39.80	49.94	52.33	58.39	55.03	53.41	41.68	35.29	28.20	23.73
11	부산	서	60˚	24.94	30.05	37.61	47.40	49.08	55.78	51.83	50.92	39.17	33.68	26.80	22.45
11	부산	서	90˚	21.98	26.05	31.87	39.30	39.82	46.32	41.63	42.87	32.91	29.70	23.67	20.17
11	부산	북서	30˚	26.88	33.15	41.59	51.20	53.77	58.94	56.06	54.23	43.72	36.68	29.19	24.15
11	부산	북서	45˚	22.58	29.37	38.50	49.36	51.75	57.84	54.52	53.07	40.54	33.71	25.16	20.21
11	부산	북서	60˚	17.87	24.22	33.20	44.43	47.12	54.76	50.30	49.12	35.25	29.06	20.13	15.50
11	부산	북서	90˚	10.87	15.99	22.96	31.40	33.42	40.51	35.53	35.99	24.65	20.39	12.67	10.22
11	부산	북동	30˚	27.18	33.18	42.42	50.21	53.76	58.78	55.59	53.28	45.77	37.06	29.32	24.69
11	부산	북동	45˚	22.83	29.19	39.69	48.04	51.77	57.55	53.89	51.61	43.30	33.29	25.00	20.11
11	부산	북동	60˚	17.99	24.01	34.64	43.40	47.32	54.34	50.06	47.71	38.12	27.63	19.45	15.04
11	부산	북동	90˚	10.37	15.81	23.94	30.83	33.53	40.40	36.48	35.85	26.42	18.42	12.77	8.08
11	부산	북	30˚	32.46	36.72	43.21	50.77	53.32	58.40	55.34	53.55	45.47	39.13	34.09	31.02
11	부산	북	45˚	0.00	44.34	44.55	49.84	51.62	57.12	53.80	52.63	45.18	43.21	0.00	0.00
11	부산	북	60˚	0.00	0.00	18.47	45.29	47.83	54.60	50.64	49.89	35.62	0.00	0.00	0.00
11	부산	북	90˚	0.00	0.00	0.00	11.29	17.71	23.88	19.93	17.23	4.83	0.00	0.00	0.00
12	목포	수평	0˚	28.51	35.79	43.58	51.20	55.73	59.22	58.16	52.50	46.27	37.50	30.48	27.26
12	목포	남	30˚	27.81	35.24	43.37	51.79	57.18	61.00	59.89	53.48	46.36	36.98	29.81	26.68
12	목포	남	45˚	27.63	35.05	43.28	52.04	57.88	61.92	60.77	53.95	46.39	36.79	29.62	26.53
12	목포	남	60˚	27.46	34.88	43.18	52.32	58.76	63.17	61.78	54.45	46.42	36.60	29.44	26.40
12	목포	남	90˚	27.10	34.43	42.87	53.39	62.50	68.56	65.72	56.73	46.50	36.09	29.05	26.13
12	목포	남동	30˚	27.72	35.37	43.02	51.09	56.11	60.11	57.57	52.22	46.00	36.84	30.00	26.96
12	목포	남동	45˚	27.42	35.07	42.54	50.60	55.62	59.91	56.71	51.60	45.60	36.46	29.80	26.86
12	목포	남동	60˚	27.12	34.71	41.83	49.56	54.31	58.69	55.21	50.37	44.76	35.90	29.56	26.70
12	목포	남동	90˚	26.34	33.34	39.03	44.62	47.33	49.65	47.79	44.71	41.38	33.95	28.72	26.29
12	목포	남서	30˚	28.09	35.21	43.37	51.30	56.40	59.84	60.13	53.19	46.06	37.03	29.80	26.61
12	목포	남서	45˚	27.93	34.90	43.02	50.88	56.02	59.38	60.06	52.77	45.67	36.69	29.52	26.39
12	목포	남서	60˚	27.76	34.55	42.42	49.95	54.81	58.18	59.09	51.69	44.85	36.17	29.21	26.16
12	목포	남서	90˚	27.09	33.18	39.77	45.72	48.35	51.22	50.93	46.25	41.51	34.33	28.35	25.58
12	목포	동	30˚	27.33	35.14	42.33	50.04	54.64	58.50	55.57	50.88	45.22	36.32	29.87	26.91
12	목포	동	45˚	26.14	33.81	40.66	48.11	52.69	56.70	53.30	48.77	43.47	34.73	28.69	26.03
12	목포	동	60˚	24.69	31.98	38.37	45.11	49.48	53.14	50.06	45.76	40.98	32.72	27.24	24.87
12	목포	동	90˚	21.67	27.37	32.27	36.45	40.13	41.21	40.41	37.61	34.06	27.79	23.65	21.93
12	목포	서	30˚	28.05	34.84	42.91	50.35	55.06	58.35	59.05	52.06	45.32	36.61	29.52	26.31
12	목포	서	45˚	26.95	33.56	41.37	48.64	53.29	56.70	57.65	50.24	43.62	35.08	28.32	25.27
12	목포	서	60˚	25.64	31.87	39.12	46.03	50.33	54.00	54.55	47.28	41.17	33.13	26.84	23.97
12	목포	서	90˚	22.45	27.65	33.00	38.32	41.25	44.90	43.01	38.80	34.33	28.29	23.37	20.79
12	목포	북서	30˚	27.83	34.94	43.11	50.20	54.55	57.72	58.12	51.76	45.41	36.76	29.42	25.86
12	목포	북서	45˚	23.41	31.33	40.20	47.93	52.79	56.20	57.10	49.67	42.63	33.16	25.18	20.90
12	목포	북서	60˚	17.97	26.02	34.74	43.07	48.59	52.89	53.15	44.79	37.27	27.77	19.91	15.35
12	목포	북서	90˚	11.47	17.26	23.32	30.05	34.60	39.66	35.80	31.24	25.61	19.14	11.82	9.18
12	목포	북동	30˚	27.06	35.29	42.55	49.94	54.19	57.62	55.16	50.63	45.29	36.51	29.78	26.48
12	목포	북동	45˚	22.65	31.52	39.46	47.38	52.19	55.94	52.71	48.16	42.41	32.80	25.49	21.92
12	목포	북동	60˚	17.61	25.45	33.90	41.80	47.65	51.69	48.32	43.26	36.93	27.31	20.03	16.30
12	목포	북동	90˚	10.33	16.26	22.74	28.28	33.90	34.81	33.84	30.92	25.05	18.25	13.02	8.90
12	목포	북	30˚	32.95	38.04	44.11	50.24	53.97	57.11	56.02	51.10	46.07	39.24	34.28	31.40
12	목포	북	45˚	0.00	44.67	45.11	49.04	52.40	55.45	54.24	49.64	45.70	43.48	2.07	0.00
12	목포	북	60˚	0.00	0.00	17.77	43.59	48.90	52.31	50.64	45.33	37.11	1.76	2.07	0.00
12	목포	북	90˚	0.00	0.00	3.79	9.88	17.51	20.83	18.12	12.33	4.10	1.76	2.07	0.00
13	서산	수평	0˚	27.09	33.08	42.65	50.17	54.69	57.75	58.37	51.94	45.41	36.40	29.32	25.23
13	서산	남	30˚	26.37	32.50	42.53	50.72	56.20	59.66	59.80	53.03	45.52	35.93	28.66	24.59
13	서산	남	45˚	26.19	32.31	42.48	50.95	56.93	60.65	60.53	53.57	45.56	35.77	28.48	24.43
13	서산	남	60˚	26.03	32.14	42.43	51.19	57.78	61.91	61.40	54.12	45.59	35.61	28.31	24.30
13	서산	남	90˚	25.69	31.73	42.25	52.10	61.11	67.01	65.22	56.38	45.69	35.20	27.95	24.03
13	서산	남동	30˚	26.47	32.49	42.84	49.83	55.08	59.06	58.66	51.65	45.04	35.75	28.96	24.78
13	서산	남동	45˚	26.22	32.15	42.67	49.32	54.57	58.87	58.29	51.03	44.62	35.41	28.80	24.63
13	서산	남동	60˚	25.98	31.78	42.23	48.35	53.31	57.75	57.25	49.86	43.82	34.92	28.59	24.45
13	서산	남동	90˚	25.38	30.55	40.04	44.13	46.99	50.17	50.48	44.76	40.71	33.27	27.87	24.02
13	서산	남서	30˚	26.48	32.62	41.90	50.57	55.43	58.16	59.24	52.88	45.37	36.05	28.53	24.60
13	서산	남서	45˚	26.28	32.38	41.40	50.27	55.04	57.62	59.05	52.53	45.10	35.79	28.21	24.40
13	서산	남서	60˚	26.06	32.09	40.71	49.49	53.87	56.32	58.13	51.49	44.40	35.37	27.89	24.18
13	서산	남서	90˚	25.35	30.96	38.23	45.63	47.75	49.05	51.83	45.94	41.51	33.92	27.05	23.66
13	서산	동	30˚	26.18	32.07	42.53	48.72	53.52	57.52	57.14	50.21	44.20	35.22	28.89	24.60
13	서산	동	45˚	25.15	30.72	41.19	46.86	51.52	55.82	55.39	48.17	42.46	33.73	27.72	23.64
13	서산	동	60˚	23.89	29.01	39.09	44.14	48.37	52.63	52.33	45.35	40.02	31.83	26.27	22.47
13	서산	동	90˚	21.11	25.22	33.17	36.45	39.25	42.10	42.13	37.57	33.12	27.10	22.78	19.75
13	서산	서	30˚	26.28	32.35	41.10	49.81	54.02	56.40	58.09	51.73	44.72	35.70	28.09	24.29
13	서산	서	45˚	25.04	31.11	39.49	48.26	52.17	54.46	56.67	49.87	43.13	34.37	26.90	23.22
13	서산	서	60˚	23.59	29.53	37.37	45.72	49.13	51.41	53.95	46.73	40.79	32.64	25.48	21.93
13	서산	서	90˚	20.28	25.75	32.01	38.14	39.96	41.87	44.41	37.97	33.94	28.18	22.26	19.05
13	서산	북서	30˚	25.80	32.35	41.19	49.64	53.44	55.70	57.41	51.32	44.73	35.77	27.87	23.52
13	서산	북서	45˚	20.52	28.49	38.07	47.48	51.49	53.79	56.07	49.14	41.86	32.25	23.49	18.32
13	서산	북서	60˚	15.49	23.38	32.91	42.47	46.87	49.76	52.27	43.78	36.24	27.02	18.15	12.99
13	서산	북서	90˚	9.98	16.02	22.52	29.55	32.83	35.92	37.51	30.54	24.73	18.26	10.56	7.80
13	서산	북동	30˚	25.85	32.04	42.62	48.61	53.03	56.57	56.50	49.92	44.23	35.29	28.65	23.91
13	서산	북동	45˚	21.43	28.02	39.74	45.96	50.83	55.03	54.62	47.40	41.16	31.35	24.07	18.92
13	서산	북동	60˚	16.05	22.76	34.14	40.66	46.05	50.89	50.28	42.68	35.41	25.75	18.85	13.58
13	서산	북동	90˚	10.18	14.97	22.80	28.09	32.56	35.26	34.39	30.49	23.83	17.30	12.82	7.79
13	서산	북	30˚	32.33	35.88	42.97	49.25	52.78	55.50	56.47	50.38	45.18	38.16	33.56	30.46
13	서산	북	45˚	0.00	0.00	43.67	48.02	51.02	53.68	54.82	48.73	44.69	43.57	0.00	0.00
13	서산	북	60˚	0.00	0.00	10.54	41.40	46.84	50.12	51.26	43.73	24.32	0.00	0.00	0.00
13	서산	북	90˚	0.00	0.00	3.58	10.14	16.95	20.41	17.29	13.65	3.92	0.00	0.00	0.00
14	진주	수평	0˚	27.76	33.99	43.26	50.24	58.68	59.16	57.35	52.43	45.60	37.68	30.36	26.43
14	진주	남	30˚	27.10	33.39	43.06	50.77	59.92	60.81	58.90	53.45	45.62	37.22	29.72	25.82
14	진주	남	45˚	26.93	33.20	42.97	50.99	60.48	61.68	59.65	53.91	45.62	37.06	29.54	25.66
14	진주	남	60˚	26.78	33.01	42.88	51.23	61.16	62.85	60.59	54.44	45.62	36.90	29.37	25.53
14	진주	남	90˚	26.45	32.56	42.58	52.19	64.00	67.79	64.45	56.71	45.62	36.47	29.00	25.25
14	진주	남동	30˚	27.25	33.38	42.95	49.86	58.63	60.14	56.94	51.80	45.61	37.56	29.96	25.98
14	진주	남동	45˚	27.06	33.05	42.62	49.34	58.09	59.92	56.11	51.11	45.28	37.39	29.79	25.83
14	진주	남동	60˚	26.82	32.62	41.96	48.28	57.00	58.84	54.77	49.83	44.55	37.11	29.60	25.66
14	진주	남동	90˚	26.21	31.29	39.36	43.66	50.17	51.18	48.07	44.50	41.29	35.72	28.82	25.16
14	진주	남서	30˚	27.17	33.49	42.94	50.65	59.61	59.68	59.08	53.63	45.12	36.93	29.65	25.86
14	진주	남서	45˚	26.97	33.22	42.61	50.39	59.51	59.29	59.18	53.60	44.65	36.54	29.34	25.67
14	진주	남서	60˚	26.73	32.86	41.97	49.52	58.76	58.14	58.29	52.71	43.83	36.06	29.03	25.46
14	진주	남서	90˚	26.06	31.56	39.39	45.48	52.88	51.00	51.18	47.65	40.62	34.45	28.16	24.96
14	진주	동	30˚	27.04	33.00	42.43	48.75	57.22	58.80	55.20	50.30	45.01	37.48	29.85	25.84
14	진주	동	45˚	25.96	31.60	40.89	46.80	55.46	57.28	53.16	48.21	43.33	36.34	28.76	24.84
14	진주	동	60˚	24.65	29.90	38.73	43.92	52.45	54.33	50.18	45.28	40.85	34.61	27.37	23.65
14	진주	동	90˚	21.77	25.86	32.87	36.06	42.19	44.33	41.55	37.71	34.26	29.93	23.94	20.86
14	진주	서	30˚	26.97	33.16	42.44	49.95	58.72	58.18	58.08	52.85	44.32	36.46	29.29	25.63
14	진주	서	45˚	25.82	31.80	40.93	48.36	57.51	56.52	56.82	51.36	42.60	35.09	28.10	24.62
14	진주	서	60˚	24.51	30.10	38.77	45.87	55.00	53.66	53.89	48.59	40.25	33.33	26.58	23.37
14	진주	서	90˚	21.43	26.03	32.90	38.51	45.45	44.27	43.44	40.38	33.97	29.03	23.17	20.56
14	진주	북서	30˚	26.61	33.20	42.65	49.81	58.15	57.53	57.18	52.34	44.45	36.60	29.15	25.12
14	진주	북서	45˚	22.10	29.26	39.78	47.76	57.01	55.95	56.23	50.76	41.61	33.30	24.78	20.48
14	진주	북서	60˚	16.99	24.13	34.58	43.04	53.45	52.42	52.34	46.16	36.46	28.29	19.41	14.90
14	진주	북서	90˚	10.25	16.55	23.63	30.74	37.60	38.33	36.03	32.92	24.86	19.72	11.71	9.65
14	진주	북동	30˚	26.69	33.05	42.63	48.65	56.86	58.03	54.91	50.08	45.10	37.73	29.74	25.31
14	진주	북동	45˚	22.39	29.21	39.72	45.99	54.93	56.70	52.70	47.55	42.25	34.57	25.53	20.69
14	진주	북동	60˚	17.76	23.94	34.48	40.69	50.62	53.15	48.64	42.85	36.79	29.09	20.10	15.67
14	진주	북동	90˚	11.03	15.67	24.09	28.53	34.77	38.50	35.77	31.33	25.62	18.64	13.49	8.22
14	진주	북	30˚	32.42	36.65	43.78	49.38	57.14	57.25	55.51	50.99	45.56	39.33	34.07	31.03
14	진주	북	45˚	2.34	42.27	44.71	48.28	55.74	55.72	53.94	49.51	45.48	43.84	0.00	0.00
14	진주	북	60˚	2.34	2.54	18.92	42.89	52.54	52.78	50.65	45.22	36.43	0.00	0.00	0.00
14	진주	북	90˚	2.34	2.54	2.49	9.78	16.93	21.59	18.82	13.22	3.85	0.00	0.00	0.00
15	포항	수평	0˚	27.21	33.76	41.43	49.67	56.30	56.91	56.86	51.95	45.93	36.61	29.33	25.79
15	포항	남	30˚	26.62	33.15	41.19	50.31	57.79	59.38	58.75	53.10	46.08	36.15	28.59	25.19
15	포항	남	45˚	26.46	32.95	41.10	50.59	58.55	60.62	59.69	53.60	46.14	35.99	28.38	25.04
15	포항	남	60˚	26.32	32.77	41.00	50.88	59.40	62.08	60.85	54.14	46.20	35.84	28.19	24.91
15	포항	남	90˚	26.04	32.31	40.69	51.94	62.77	67.86	65.52	56.34	46.40	35.44	27.78	24.64
15	포항	남동	30˚	26.71	33.09	41.21	50.19	57.02	58.63	57.89	52.52	46.17	36.12	28.59	25.29
15	포항	남동	45˚	26.54	32.78	40.94	49.86	56.55	58.23	57.54	52.09	45.86	35.78	28.30	25.13
15	포항	남동	60˚	26.32	32.34	40.32	48.95	55.38	56.87	56.30	50.94	45.24	35.39	28.01	24.96
15	포항	남동	90˚	25.79	31.03	37.96	44.47	48.78	48.65	48.87	45.03	42.28	33.85	27.02	24.45
15	포항	남서	30˚	26.72	33.26	40.92	49.19	56.68	56.91	57.35	51.81	45.28	36.18	28.76	25.28
15	포항	남서	45˚	26.56	33.02	40.53	48.56	56.21	56.04	56.79	51.19	44.74	35.84	28.48	25.09
15	포항	남서	60˚	26.34	32.64	39.84	47.47	55.05	54.21	55.40	50.02	43.90	35.47	28.21	24.91
15	포항	남서	90˚	25.81	31.45	37.42	43.10	48.40	45.36	47.97	45.09	40.59	34.02	27.38	24.48
15	포항	동	30˚	26.54	32.73	40.70	49.28	55.57	56.93	56.31	51.21	45.57	35.69	28.24	25.16
15	포항	동	45˚	25.51	31.31	39.16	47.47	53.72	54.98	54.47	49.18	44.04	34.32	26.89	24.07
15	포항	동	60˚	24.26	29.56	37.02	44.57	50.63	51.65	51.28	45.81	41.67	32.48	25.30	22.80
15	포항	동	90˚	21.34	25.32	31.28	36.53	40.87	41.24	40.79	36.70	35.35	28.02	21.78	19.85
15	포항	서	30˚	26.54	32.97	40.25	47.95	55.22	54.22	55.56	50.37	44.27	35.77	28.47	25.03
15	포항	서	45˚	25.52	31.67	38.64	45.95	53.32	51.47	53.49	48.37	42.43	34.44	27.28	24.12
15	포항	서	60˚	24.30	30.05	36.51	43.26	50.21	47.54	50.25	45.60	39.95	32.63	25.84	23.01
15	포항	서	90˚	21.41	26.00	30.91	36.16	40.67	36.63	40.35	37.91	33.32	28.31	22.62	20.56
15	포항	북서	30˚	26.11	33.00	40.39	47.86	54.69	53.38	54.90	50.09	44.28	35.81	28.30	24.44
15	포항	북서	45˚	21.71	29.16	37.15	45.12	52.67	50.52	52.84	47.60	41.16	32.21	23.95	19.97
15	포항	북서	60˚	17.08	23.99	31.82	40.10	48.11	45.38	48.42	42.96	35.58	26.88	18.82	15.04
15	포항	북서	90˚	10.37	16.24	21.89	28.42	33.66	30.02	34.46	30.48	23.35	18.00	12.00	9.96
15	포항	북동	30˚	26.12	32.79	40.85	49.06	55.00	55.99	55.53	50.84	45.53	35.80	28.03	24.49
15	포항	북동	45˚	21.67	28.73	37.65	46.57	53.11	54.30	53.79	48.36	42.89	32.10	23.26	19.28
15	포항	북동	60˚	16.95	23.22	32.19	41.07	48.55	50.09	49.48	42.76	37.55	26.48	18.14	14.28
15	포항	북동	90˚	9.90	15.20	22.21	27.72	33.47	35.45	34.21	29.31	26.46	16.49	12.26	7.65
15	포항	북	30˚	31.98	36.53	42.08	48.60	54.40	53.88	54.63	50.31	45.61	38.36	33.75	30.80
15	포항	북	45˚	0.00	44.56	43.62	47.24	52.68	51.55	52.79	48.59	44.98	42.84	0.00	0.00
15	포항	북	60˚	0.00	0.00	16.75	40.63	48.78	47.30	49.05	43.40	30.83	2.37	0.00	0.00
15	포항	북	90˚	0.00	0.00	0.00	9.66	17.14	17.90	19.25	12.34	4.85	2.37	0.00	0.00
16	제주	수평	0˚	31.26	35.78	44.42	52.23	57.86	61.21	57.52	54.00	48.90	39.72	31.70	28.80
16	제주	남	30˚	30.66	35.23	44.23	52.96	59.20	62.88	59.23	55.19	49.04	39.21	31.02	28.21
16	제주	남	45˚	30.48	35.04	44.15	53.23	59.86	63.74	60.17	55.76	49.09	39.02	30.82	28.05
16	제주	남	60˚	30.32	34.87	44.06	53.53	60.77	64.92	61.34	56.41	49.14	38.82	30.63	27.91
16	제주	남	90˚	29.95	34.42	43.76	54.75	64.65	70.00	66.20	59.01	49.34	38.29	30.20	27.61
16	제주	남동	30˚	30.71	35.01	44.10	51.94	57.42	60.71	57.10	53.71	48.51	38.25	31.32	28.37
16	제주	남동	45˚	30.48	34.63	43.71	51.33	56.72	59.94	56.29	52.96	48.06	37.62	31.15	28.23
16	제주	남동	60˚	30.23	34.20	43.05	50.17	55.34	58.43	54.65	51.64	47.17	36.89	30.93	28.04
16	제주	남동	90˚	29.48	32.75	40.23	44.96	48.24	49.65	46.56	45.64	43.47	34.69	30.10	27.51
16	제주	남서	30˚	30.76	35.57	43.91	52.18	59.42	63.22	59.40	54.81	48.91	40.23	30.89	28.25
16	제주	남서	45˚	30.55	35.41	43.44	51.67	59.49	63.41	59.18	54.42	48.65	40.26	30.54	28.07
16	제주	남서	60˚	30.33	35.21	42.68	50.48	58.67	62.63	58.05	53.21	47.91	39.99	30.14	27.84
16	제주	남서	90˚	29.54	34.21	39.54	44.93	51.76	54.61	50.25	46.55	44.37	38.45	28.96	27.26
16	제주	동	30˚	30.55	34.61	43.51	50.77	55.82	58.83	55.18	52.21	47.71	37.38	31.26	28.31
16	제주	동	45˚	29.52	33.19	41.92	48.78	53.83	56.73	52.87	50.09	46.00	35.72	30.21	27.32
16	제주	동	60˚	28.18	31.25	39.67	45.83	50.79	53.42	49.43	47.10	43.50	33.70	28.92	25.98
16	제주	동	90˚	24.80	26.75	33.36	37.30	41.46	42.55	39.80	38.75	36.21	28.58	25.57	22.29
16	제주	서	30˚	30.66	35.53	43.29	51.01	58.59	62.35	58.26	53.56	48.37	40.50	30.51	28.05
16	제주	서	45˚	29.54	34.57	41.55	48.92	57.44	61.45	56.80	51.63	46.85	39.40	29.01	27.05
16	제주	서	60˚	28.01	33.16	39.06	45.69	54.71	58.94	53.88	48.28	44.40	37.47	27.14	25.74
16	제주	서	90˚	24.04	29.30	32.65	36.23	44.54	47.92	44.01	38.42	36.75	31.45	22.99	22.24
16	제주	북서	30˚	30.61	35.74	43.54	50.82	57.86	61.35	57.43	53.15	48.40	40.81	30.45	27.75
16	제주	북서	45˚	26.11	32.76	40.49	48.20	56.99	60.86	56.42	51.10	46.15	37.87	25.65	22.81
16	제주	북서	60˚	20.41	27.77	34.73	42.55	53.47	58.31	52.90	45.88	40.89	31.52	20.14	17.28
16	제주	북서	90˚	14.30	17.61	23.75	27.27	37.89	42.45	38.39	30.64	27.42	19.98	12.37	9.93
16	제주	북동	30˚	30.54	34.74	43.69	50.71	55.52	58.42	54.75	52.01	47.80	37.62	31.30	28.02
16	제주	북동	45˚	26.60	30.69	40.81	48.22	53.43	56.29	52.44	49.58	45.25	34.13	27.80	22.81
16	제주	북동	60˚	20.98	24.62	35.48	43.06	49.35	52.39	48.04	45.01	39.96	28.61	22.54	16.82
16	제주	북동	90˚	10.90	15.04	23.25	29.50	35.53	37.17	34.06	32.08	27.54	18.57	15.33	9.68
16	제주	북	30˚	34.66	38.07	44.87	51.08	56.25	59.30	55.54	52.40	48.62	41.28	35.25	32.38
16	제주	북	45˚	0.00	44.62	45.66	49.75	54.87	57.82	53.93	50.84	48.18	44.80	0.00	0.00
16	제주	북	60˚	0.00	0.00	21.67	44.80	51.93	55.06	50.80	46.81	42.43	0.00	0.00	0.00
16	제주	북	90˚	0.00	0.00	3.50	8.37	19.13	22.05	20.34	13.90	4.02	0.00	0.00	0.00
17	안동	수평	0˚	27.47	33.45	42.04	48.41	56.37	59.07	57.06	51.99	45.84	36.71	28.82	25.31
17	안동	남	30˚	26.87	32.84	41.83	49.13	57.49	60.71	58.80	52.85	45.77	36.24	28.03	24.72
17	안동	남	45˚	26.71	32.65	41.75	49.42	58.05	61.55	59.64	53.22	45.74	36.07	27.81	24.57
17	안동	남	60˚	26.58	32.47	41.66	49.73	58.72	62.64	60.63	53.61	45.70	35.91	27.62	24.45
17	안동	남	90˚	26.28	32.03	41.38	50.94	61.63	67.12	64.87	55.23	45.58	35.50	27.20	24.19
17	안동	남동	30˚	26.89	32.70	41.59	48.29	56.97	59.36	57.71	51.37	44.51	35.54	28.12	24.69
17	안동	남동	45˚	26.68	32.34	41.21	47.66	56.72	58.90	57.35	50.72	43.82	35.03	27.85	24.51
17	안동	남동	60˚	26.45	31.89	40.48	46.43	55.82	57.73	56.18	49.55	42.91	34.49	27.60	24.32
17	안동	남동	90˚	25.88	30.52	37.88	41.35	50.23	50.72	49.19	44.59	39.58	32.77	26.69	23.82
17	안동	남서	30˚	27.05	33.03	41.81	48.36	56.71	60.27	57.78	52.96	46.78	37.02	28.12	24.93
17	안동	남서	45˚	26.91	32.81	41.53	47.78	56.42	60.18	57.37	52.91	46.91	36.92	27.78	24.78
17	안동	남서	60˚	26.72	32.45	40.88	46.63	55.54	59.30	56.23	52.12	46.73	36.73	27.47	24.63
17	안동	남서	90˚	26.21	31.25	38.39	42.19	49.93	52.20	49.65	47.57	44.97	35.65	26.54	24.26
17	안동	동	30˚	26.64	32.22	40.92	46.91	55.86	57.80	56.12	49.97	43.49	34.79	27.79	24.43
17	안동	동	45˚	25.63	30.74	39.24	44.58	54.40	56.05	54.29	47.97	41.63	33.25	26.54	23.43
17	안동	동	60˚	24.36	28.99	37.02	41.35	51.71	53.15	51.14	45.14	39.09	31.32	25.11	22.31
17	안동	동	90˚	21.45	24.90	31.23	33.28	42.93	43.53	41.40	37.59	32.91	26.77	21.86	19.70
17	안동	서	30˚	26.99	32.72	41.29	47.16	55.64	59.00	56.27	52.31	46.93	37.14	27.72	24.80
17	안동	서	45˚	26.02	31.39	39.72	45.09	54.17	57.61	54.52	50.91	46.18	36.18	26.37	23.88
17	안동	서	60˚	24.81	29.72	37.53	42.33	51.52	54.74	51.59	48.28	44.65	34.67	24.72	22.68
17	안동	서	90˚	21.80	25.67	31.55	35.09	43.14	44.43	42.46	40.53	39.56	30.56	21.23	20.08
17	안동	북서	30˚	26.68	32.68	41.43	47.05	55.21	58.14	55.63	51.93	47.05	37.38	27.47	24.08
17	안동	북서	45˚	22.17	28.64	38.29	44.23	53.62	56.87	53.88	50.33	45.56	34.54	22.49	19.21
17	안동	북서	60˚	16.90	23.39	32.81	39.11	49.67	53.19	49.81	45.77	41.58	29.40	17.05	13.91
17	안동	북서	90˚	10.23	16.09	22.36	27.43	36.54	37.38	35.79	33.02	29.50	19.08	10.64	8.98
17	안동	북동	30˚	26.28	32.20	41.06	46.74	55.33	57.19	55.41	49.78	43.66	34.87	27.55	23.77
17	안동	북동	45˚	21.86	28.10	37.79	43.50	53.83	55.43	53.56	47.25	40.52	30.92	23.04	18.99
17	안동	북동	60˚	17.00	22.67	32.29	37.62	49.73	51.62	49.18	42.51	35.05	25.41	17.83	13.82
17	안동	북동	90˚	10.01	14.70	22.57	25.65	35.39	37.18	34.30	30.57	24.14	16.98	11.85	6.98
17	안동	북	30˚	32.30	36.16	42.58	47.21	54.91	57.10	54.97	50.72	45.99	38.59	33.42	30.60
17	안동	북	45˚	0.00	9.73	43.72	45.68	53.54	55.48	53.20	49.32	46.31	43.86	0.00	0.00
17	안동	북	60˚	0.00	2.42	15.56	38.42	50.20	52.23	49.52	44.75	38.15	0.00	0.00	0.00
17	안동	북	90˚	0.00	2.42	2.32	8.58	17.15	20.47	18.21	12.09	4.46	0.00	0.00	0.00
18	수원	수평	0˚	27.08	33.52	41.68	49.95	54.90	57.03	55.64	51.47	44.43	36.51	28.66	25.17
18	수원	남	30˚	26.51	32.98	41.49	50.45	56.26	58.96	57.35	52.50	44.57	36.06	28.05	24.68
18	수원	남	45˚	26.36	32.81	41.41	50.66	56.93	59.99	58.26	52.96	44.63	35.91	27.88	24.57
18	수원	남	60˚	26.23	32.65	41.33	50.89	57.69	61.28	59.33	53.43	44.67	35.76	27.73	24.47
18	수원	남	90˚	25.96	32.27	41.07	51.77	60.80	66.47	63.72	55.34	44.84	35.38	27.41	24.26
18	수원	남동	30˚	26.71	32.88	41.54	49.86	55.39	58.57	55.55	51.34	44.29	36.07	28.26	24.87
18	수원	남동	45˚	26.53	32.54	41.27	49.51	55.00	58.40	54.85	50.81	43.93	35.81	28.10	24.77
18	수원	남동	60˚	26.37	32.17	40.74	48.68	53.92	57.28	53.40	49.73	43.18	35.42	27.90	24.65
18	수원	남동	90˚	25.92	30.94	38.62	44.91	48.07	49.90	46.71	45.04	40.24	34.00	27.23	24.36
18	수원	남서	30˚	26.49	33.16	41.19	50.13	55.47	57.28	57.12	52.07	44.19	36.03	28.02	24.66
18	수원	남서	45˚	26.30	32.97	40.82	49.85	55.10	56.68	56.93	51.71	43.81	35.74	27.75	24.50
18	수원	남서	60˚	26.10	32.71	40.23	49.08	54.00	55.32	55.84	50.77	43.06	35.35	27.49	24.33
18	수원	남서	90˚	25.54	31.77	37.92	45.40	48.14	48.20	48.69	46.01	40.14	33.95	26.79	23.95
18	수원	동	30˚	26.58	32.47	41.10	48.97	54.01	57.07	53.59	49.99	43.51	35.72	28.17	24.81
18	수원	동	45˚	25.65	31.08	39.71	47.33	52.22	55.40	51.39	48.04	41.82	34.43	27.06	24.03
18	수원	동	60˚	24.38	29.24	37.75	44.83	49.27	52.24	48.23	45.25	39.47	32.69	25.70	23.02
18	수원	동	90˚	21.62	24.92	32.42	37.43	40.28	42.03	39.59	37.52	33.26	28.14	22.39	20.61
18	수원	서	30˚	26.27	32.95	40.59	49.35	54.16	55.39	55.84	50.90	43.35	35.68	27.67	24.43
18	수원	서	45˚	25.26	31.88	39.06	47.79	52.42	53.35	54.19	49.11	41.65	34.38	26.60	23.57
18	수원	서	60˚	24.10	30.49	36.94	45.30	49.50	50.25	51.05	46.19	39.33	32.65	25.27	22.48
18	수원	서	90˚	21.35	26.80	31.45	37.86	40.69	40.94	41.24	37.96	33.15	28.29	22.38	19.95
18	수원	북서	30˚	25.82	32.95	40.70	49.15	53.64	54.70	54.99	50.51	43.30	35.75	27.37	23.70
18	수원	북서	45˚	21.34	29.39	37.51	46.92	51.78	52.63	53.58	48.19	40.28	32.21	23.21	18.82
18	수원	북서	60˚	16.61	24.16	32.16	41.83	47.33	48.47	49.26	42.89	34.90	26.88	18.50	13.37
18	수원	북서	90˚	10.63	16.15	22.25	29.53	34.08	35.00	34.77	29.97	24.40	18.34	11.44	7.62
18	수원	북동	30˚	26.16	32.44	41.24	48.81	53.48	56.07	52.99	49.66	43.49	35.82	27.92	24.10
18	수원	북동	45˚	21.67	27.99	38.33	46.46	51.52	54.63	50.67	47.13	40.47	32.26	23.32	19.58
18	수원	북동	60˚	16.41	22.00	33.14	41.43	46.96	50.49	46.21	42.15	35.14	26.69	18.01	13.94
18	수원	북동	90˚	10.21	14.10	22.95	29.11	33.22	35.50	33.40	29.77	24.60	17.58	11.99	7.19
18	수원	북	30˚	31.97	36.10	42.21	49.09	53.14	54.72	53.41	49.94	44.10	38.24	33.02	30.35
18	수원	북	45˚	0.00	0.00	43.29	47.90	51.50	52.85	51.53	48.22	43.41	43.59	0.00	0.00
18	수원	북	60˚	0.00	0.00	11.44	41.00	47.50	49.20	47.65	42.28	28.17	0.00	0.00	0.00
18	수원	북	90˚	0.00	0.00	3.30	9.30	16.95	20.27	17.71	12.36	4.32	0.00	0.00	0.00
19	대관	수평	0˚	26.20	32.09	40.77	49.37	54.73	57.01	56.52	52.01	43.41	35.95	28.74	24.58
19	대관	남	30˚	25.61	31.50	40.63	49.95	56.10	58.89	58.23	52.85	43.43	35.45	28.16	23.99
19	대관	남	45˚	25.45	31.32	40.57	50.21	56.79	59.88	59.08	53.23	43.44	35.28	28.00	23.85
19	대관	남	60˚	25.33	31.15	40.51	50.44	57.54	61.02	60.03	53.62	43.44	35.11	27.86	23.73
19	대관	남	90˚	25.06	30.76	40.33	51.36	60.69	65.85	63.79	55.21	43.43	34.68	27.55	23.49
19	대관	남동	30˚	25.88	31.61	40.53	49.97	55.63	58.67	57.37	52.45	43.09	35.21	28.38	24.03
19	대관	남동	45˚	25.75	31.35	40.23	49.73	55.35	58.58	56.97	52.23	42.64	34.83	28.23	23.87
19	대관	남동	60˚	25.59	31.01	39.58	48.96	54.37	57.62	55.84	51.37	41.91	34.38	28.09	23.69
19	대관	남동	90˚	25.20	29.97	37.21	44.95	48.61	50.45	49.23	46.70	39.00	32.81	27.47	23.25
19	대관	남서	30˚	25.53	31.49	40.44	48.81	54.93	57.04	57.00	52.00	43.23	35.70	28.07	24.13
19	대관	남서	45˚	25.31	31.23	40.13	48.20	54.48	56.43	56.49	51.58	42.88	35.40	27.80	23.97
19	대관	남서	60˚	25.08	30.87	39.51	47.16	53.38	55.11	55.24	50.67	42.24	35.04	27.54	23.81
19	대관	남서	90˚	24.53	29.77	37.31	43.06	47.73	48.45	48.38	46.51	39.58	33.61	26.81	23.44
19	대관	동	30˚	25.81	31.32	39.91	49.20	54.37	57.30	55.78	51.55	42.32	34.68	28.30	23.79
19	대관	동	45˚	24.91	30.05	38.30	47.58	52.70	55.75	53.94	49.96	40.57	33.24	27.29	22.81
19	대관	동	60˚	23.74	28.49	36.14	44.86	49.76	52.66	50.84	47.14	38.17	31.41	26.05	21.67
19	대관	동	90˚	20.99	24.77	30.76	36.95	40.65	42.41	40.83	38.77	32.19	27.01	22.93	19.06
19	대관	서	30˚	25.22	31.12	39.79	47.60	53.51	55.12	55.33	50.86	42.50	35.41	27.69	23.92
19	대관	서	45˚	24.16	29.79	38.26	45.66	51.67	53.10	53.35	49.20	40.89	34.08	26.59	23.00
19	대관	서	60˚	22.94	28.21	36.26	43.03	48.81	50.07	50.15	46.68	38.69	32.31	25.20	21.85
19	대관	서	90˚	20.10	24.45	31.08	35.91	40.51	41.20	40.09	39.40	32.84	27.94	22.12	19.34
19	대관	북서	30˚	24.64	31.01	39.81	47.50	53.02	54.49	54.70	50.57	42.50	35.54	27.37	23.03
19	대관	북서	45˚	19.87	26.86	36.61	44.76	50.95	52.32	52.61	48.39	39.45	31.90	22.85	17.76
19	대관	북서	60˚	15.14	21.97	31.61	39.66	46.49	48.17	47.95	43.86	34.25	26.41	17.77	13.24
19	대관	북서	90˚	8.97	15.67	22.11	27.74	33.87	34.86	33.08	31.86	23.75	17.81	11.31	8.59
19	대관	북동	30˚	25.32	31.25	39.98	48.99	53.73	56.27	55.07	51.20	42.37	34.75	27.99	22.96
19	대관	북동	45˚	20.77	27.26	36.59	46.63	51.98	54.92	53.15	49.21	39.16	30.95	23.53	17.82
19	대관	북동	60˚	15.45	22.05	31.29	41.23	47.31	50.77	48.60	44.10	33.68	25.57	18.01	12.55
19	대관	북동	90˚	8.95	14.56	22.31	28.31	32.90	35.41	33.60	30.85	23.46	16.78	11.24	6.28
19	대관	북	30˚	31.58	35.26	41.17	48.38	52.93	54.69	54.33	50.73	43.36	37.99	32.72	30.19
19	대관	북	45˚	0.00	0.00	42.04	47.06	51.24	52.79	52.42	49.28	43.20	42.41	2.21	0.00
19	대관	북	60˚	0.00	0.00	14.12	39.87	47.06	49.01	48.27	44.02	24.58	1.84	2.21	0.00
19	대관	북	90˚	0.00	0.00	0.00	9.47	16.60	19.00	17.40	12.40	4.88	1.84	2.21	0.00
20	추풍	수평	0˚	27.90	34.02	43.31	49.34	56.10	59.37	56.43	54.79	45.45	37.54	29.93	25.70
20	추풍	남	30˚	27.32	33.49	43.14	49.90	57.35	61.14	58.13	55.37	45.51	37.06	29.30	25.09
20	추풍	남	45˚	27.16	33.32	43.07	50.14	57.98	62.04	58.98	55.66	45.53	36.89	29.11	24.94
20	추풍	남	60˚	27.02	33.16	42.99	50.39	58.74	63.19	60.04	56.00	45.54	36.72	28.95	24.81
20	추풍	남	90˚	26.73	32.77	42.76	51.43	61.87	67.67	64.65	57.39	45.55	36.26	28.59	24.55
20	추풍	남동	30˚	27.43	33.61	43.45	49.58	56.57	60.02	56.74	55.36	45.25	36.94	29.51	25.20
20	추풍	남동	45˚	27.24	33.37	43.35	49.22	56.19	59.53	56.23	55.39	44.83	36.58	29.33	25.05
20	추풍	남동	60˚	27.03	33.07	42.93	48.26	55.11	58.25	54.91	54.86	44.03	36.11	29.14	24.87
20	추풍	남동	90˚	26.49	32.03	40.89	43.88	48.89	49.98	47.80	50.80	40.72	34.30	28.36	24.38
20	추풍	남서	30˚	27.38	33.49	42.70	49.10	56.68	60.25	57.54	54.75	45.06	37.14	29.23	25.17
20	추풍	남서	45˚	27.21	33.25	42.33	48.60	56.35	59.97	57.29	54.43	44.62	36.81	28.91	24.99
20	추풍	남서	60˚	27.01	32.93	41.72	47.60	55.39	58.90	56.20	53.70	43.87	36.37	28.60	24.80
20	추풍	남서	90˚	26.45	31.83	39.38	43.44	49.70	51.71	49.85	49.85	40.84	34.76	27.72	24.36
20	추풍	동	30˚	27.25	33.44	43.28	48.67	55.26	58.34	55.10	54.86	44.52	36.47	29.32	25.02
20	추풍	동	45˚	26.27	32.27	42.11	46.82	53.54	56.43	53.13	53.86	42.73	34.96	28.20	23.99
20	추풍	동	60˚	24.97	30.71	40.23	43.98	50.56	53.13	49.93	51.56	40.15	32.92	26.83	22.76
20	추풍	동	90˚	22.00	26.81	34.67	36.04	41.26	41.93	40.91	43.02	33.15	27.88	23.48	19.93
20	추풍	서	30˚	27.24	33.23	42.11	48.00	55.53	58.71	56.15	53.92	44.23	36.78	28.82	24.95
20	추풍	서	45˚	26.24	32.04	40.68	46.10	53.99	57.08	54.55	52.64	42.54	35.43	27.58	24.01
20	추풍	서	60˚	25.03	30.48	38.67	43.44	51.29	54.14	51.70	50.48	40.19	33.67	26.01	22.84
20	추풍	서	90˚	22.02	26.53	33.23	36.12	42.77	43.43	42.67	43.26	33.69	29.20	22.62	20.22
20	추풍	북서	30˚	26.92	33.30	42.26	47.87	55.07	57.90	55.36	53.74	44.27	36.95	28.59	24.36
20	추풍	북서	45˚	22.50	29.58	39.46	45.19	53.44	56.32	53.89	52.14	41.32	33.67	23.99	19.63
20	추풍	북서	60˚	17.43	24.37	34.50	40.09	49.46	52.51	50.00	48.26	35.91	28.46	18.77	13.94
20	추풍	북서	90˚	11.04	16.94	24.15	28.31	36.08	36.14	35.85	36.00	24.37	19.50	11.19	9.04
20	추풍	북동	30˚	26.93	33.50	43.45	48.52	54.74	57.63	54.53	54.47	44.60	36.62	29.07	24.35
20	추풍	북동	45˚	22.46	29.88	41.01	45.96	52.95	55.79	52.55	53.30	41.53	32.79	24.74	19.37
20	추풍	북동	60˚	17.30	24.57	36.01	40.42	48.48	51.55	48.20	49.09	35.58	26.93	18.99	14.26
20	추풍	북동	90˚	10.14	16.28	25.34	27.72	33.99	35.86	35.30	34.28	23.26	17.59	12.14	7.45
20	추풍	북	30˚	32.35	36.60	43.74	48.39	54.51	57.18	54.42	53.91	45.30	39.24	33.41	30.75
20	추풍	북	45˚	0.00	45.10	44.61	47.12	53.04	55.40	52.73	52.91	44.99	43.63	2.43	0.00
20	추풍	북	60˚	0.00	0.00	17.73	40.07	49.53	51.90	49.25	49.36	31.71	0.00	2.43	0.00
20	추풍	북	90˚	0.00	0.00	2.60	8.05	17.74	19.65	19.10	15.28	3.98	0.00	2.43	0.00
