지역코드	지역명	방향	각도	1월	2월	3월	4월	5월	6월	7월	8월	9월	10월	11월	12월	연간합
01	춘천	수평	0˚	29265.95	33883.34	46984.65	43238.18	52001.71	45122.89	44037.14	42090.58	38813.15	35834.47	31740.53	25788.31	342534.31
01	춘천	남	30˚	49496.25	50343.81	59478.26	47424.05	52117.58	43937.59	44388.44	45646.12	45495.36	49553.33	51286.28	46350.16	427484.62
01	춘천	남	45˚	55636.58	54495.18	60821.15	45763.24	48084.88	40037.39	41159.19	43843.96	45269.20	52437.71	56909.97	52897.33	435997.53
01	춘천	남	60˚	58500.54	55484.69	58696.56	41706.90	41669.29	34289.88	35989.77	39779.00	42629.15	52346.84	59189.28	56299.11	420713.81
01	춘천	남	90˚	53855.29	47928.47	44851.25	27556.77	23853.52	19303.59	21533.53	26095.45	30965.15	43466.46	53331.93	52969.34	325010.16
01	춘천	남동	30˚	43614.56	46231.17	55029.36	46563.33	52741.10	44229.77	44900.77	43470.92	45054.52	47091.94	45970.95	40456.06	405491.42
01	춘천	남동	45˚	47444.90	48907.01	54971.52	44952.15	49550.95	40859.69	42171.21	41220.37	44796.73	49116.97	49408.02	44581.56	407296.23
01	춘천	남동	60˚	48588.36	48893.34	52431.70	41558.60	44378.05	35948.59	37792.34	37467.00	42399.01	48555.66	50093.32	46257.21	389965.91
01	춘천	남동	90˚	42696.15	41165.53	40398.69	30328.73	30224.70	23841.23	26033.56	26491.49	32005.85	40109.82	43386.60	41639.65	305158.15
01	춘천	남서	30˚	42638.55	43783.44	54824.62	45369.93	49894.27	43307.32	42972.46	45083.72	41234.17	43004.57	43747.14	39161.75	390736.13
01	춘천	남서	45˚	45941.12	45379.70	54652.05	43368.15	45721.73	39760.70	39887.80	43370.13	39615.18	43585.45	46455.18	42847.46	387426.85
01	춘천	남서	60˚	46774.32	44706.45	52106.35	39749.69	40180.08	34867.39	35436.84	39812.05	36488.35	41990.01	46534.57	44123.74	367058.55
01	춘천	남서	90˚	40699.21	36692.04	40150.81	28555.11	26830.86	23052.46	24219.51	28486.52	26376.85	33217.14	39376.49	39123.10	282305.91
01	춘천	동	30˚	29515.51	34557.51	44460.79	42387.53	50610.03	43325.22	43650.08	39390.99	39809.99	37503.90	31822.01	26353.85	338495.82
01	춘천	동	45˚	28841.62	33528.64	41815.50	39993.51	47132.64	39940.47	40808.96	36313.96	38006.64	36597.59	30782.95	25917.19	321138.25
01	춘천	동	60˚	27444.71	31719.51	38510.08	36697.54	42468.98	35552.28	36839.95	32563.78	35031.90	34553.89	29189.39	24959.83	296156.58
01	춘천	동	90˚	23165.35	26021.41	30086.50	28139.34	31203.15	25923.44	27549.45	24186.05	26787.22	27819.25	23932.99	21183.62	230714.01
01	춘천	서	30˚	28279.23	31567.70	44234.59	40680.24	46528.21	41992.59	40944.02	41635.70	34770.67	32208.01	29303.14	24841.22	319322.28
01	춘천	서	45˚	27215.13	29853.08	41594.85	37798.88	41874.05	38340.16	37530.70	39097.41	31685.89	29919.59	27677.24	24058.00	297142.39
01	춘천	서	60˚	25874.81	27719.97	38239.63	34232.71	36811.85	33898.18	33406.34	35497.65	28266.28	27455.28	25561.32	22785.57	270170.86
01	춘천	서	90˚	21426.02	22207.26	29835.10	25906.85	26695.70	24356.29	24380.71	26651.64	21047.73	21842.42	20813.29	19349.11	207867.11
01	춘천	북서	30˚	14706.71	19513.61	32105.04	35196.63	43100.17	40173.56	38830.71	36779.31	28706.72	21932.84	15758.81	11494.32	247413.00
01	춘천	북서	45˚	11359.61	14957.49	25427.42	29709.59	36054.98	34937.67	33689.15	31951.01	23371.97	17191.84	11748.36	8885.76	204316.55
01	춘천	북서	60˚	10280.93	12847.35	20903.18	24909.88	29375.49	29153.67	28294.41	27076.73	19463.99	14755.06	10309.61	8364.83	172449.84
01	춘천	북서	90˚	10042.51	11651.61	16430.27	18758.19	20746.01	20158.22	20093.70	20015.68	15089.94	12892.92	10023.63	8759.28	135012.86
01	춘천	북동	30˚	15175.50	21237.70	32243.32	36505.39	46207.96	41274.99	41029.36	35094.60	32341.14	25388.24	17063.32	12218.76	260118.96
01	춘천	북동	45˚	11811.28	16714.33	25492.09	31399.78	40186.93	36376.85	36545.99	29819.32	27627.70	20680.65	12880.68	9362.63	218578.00
01	춘천	북동	60˚	10654.95	14354.91	20963.60	26691.89	33764.35	30667.00	31274.93	24944.92	23448.13	17609.79	11186.76	8605.97	185858.99
01	춘천	북동	90˚	10468.86	12570.49	16538.64	20137.66	23726.66	21585.75	22760.93	18523.84	17577.81	14452.82	10424.97	8834.70	144438.23
01	춘천	북	30˚	7919.57	13142.03	25845.94	33283.45	43220.13	40131.56	39117.07	34022.35	27311.17	17291.85	8810.99	6030.81	216743.32
01	춘천	북	45˚	7969.47	8579.48	13738.11	25694.95	35362.41	34491.84	33608.67	27359.58	19543.72	10351.01	7684.67	6622.95	169153.41
01	춘천	북	60˚	8533.80	9135.87	9774.58	17120.94	25857.80	27222.79	26524.23	19512.56	13558.96	10493.71	8252.94	7226.27	134066.03
01	춘천	북	90˚	9443.36	10005.53	11207.92	13416.08	14956.07	15662.18	16302.04	14471.69	12781.94	10952.93	9268.79	8300.76	107248.86
02	강릉	수평	0˚	29902.38	34045.96	43643.78	46995.12	51370.97	48064.35	42650.96	41442.39	41525.80	40314.35	28724.32	27809.29	348089.57
02	강릉	남	30˚	51130.29	50408.39	55495.72	51803.07	51190.76	46251.91	42747.49	44496.72	49789.97	56745.95	45242.26	50032.80	434665.98
02	강릉	남	45˚	57613.29	54506.55	56901.17	50017.49	47081.02	41803.47	39545.47	42540.16	49897.78	60298.91	49888.64	57102.43	443231.06
02	강릉	남	60˚	60685.82	55444.84	55094.59	45568.03	40656.83	35415.11	34459.55	38435.38	47254.10	60346.36	51645.98	60768.57	427507.49
02	강릉	남	90˚	56008.58	47805.80	42547.78	29900.50	23011.13	19255.40	20436.36	24903.79	34605.97	50150.85	46219.61	57139.96	329715.81
02	강릉	남동	30˚	43859.09	45063.86	51251.95	48847.12	50006.49	45975.96	41818.32	42160.51	46529.97	50598.78	40084.63	42200.99	400408.77
02	강릉	남동	45˚	47447.49	47138.55	51219.28	46564.20	46182.61	42162.43	38758.43	39836.94	45744.71	51905.22	42666.93	46027.54	398321.53
02	강릉	남동	60˚	48453.24	46762.96	48958.99	42548.70	40766.94	36946.89	34505.41	36075.11	42976.82	50475.28	42855.70	47331.63	378546.50
02	강릉	남동	90˚	42292.73	38897.09	37820.19	30377.34	27410.35	24464.71	23897.48	25489.61	32331.00	40626.77	36762.30	42043.70	293620.42
02	강릉	남서	30˚	44620.12	45079.51	51360.63	50791.92	50902.11	46508.74	42880.84	44705.74	47174.10	51653.10	39732.37	43555.27	408202.86
02	강릉	남서	45˚	48433.27	47075.86	51330.25	49086.64	47341.92	42793.29	40231.90	43176.61	46548.36	53459.21	42274.12	48028.82	408750.18
02	강릉	남서	60˚	49644.29	46745.05	49076.34	45360.98	42039.71	37615.52	36099.89	39847.11	43772.80	52309.70	42445.76	49727.80	390379.28
02	강릉	남서	90˚	43639.26	38831.48	37968.70	32907.16	28475.59	25060.47	25024.42	28856.67	32971.99	42429.62	36176.18	44526.16	304302.93
02	강릉	동	30˚	28794.01	32982.13	41474.30	42949.81	47296.49	44863.15	40127.36	38356.97	39372.02	37839.95	28262.17	26344.81	327699.94
02	강릉	동	45˚	27736.61	31664.54	39037.13	39528.11	43118.54	41135.97	36968.24	35249.01	36958.02	35719.38	27353.81	25349.46	306585.93
02	강릉	동	60˚	26261.51	29901.26	35959.07	35605.53	38313.18	36641.29	33245.32	31608.15	33830.09	33069.15	25851.69	24189.22	280730.55
02	강릉	동	90˚	21961.13	24458.14	28032.41	26911.86	28214.78	26822.76	24889.78	23776.75	25938.04	26454.43	21069.94	20417.85	218238.41
02	강릉	서	30˚	29531.16	33125.88	41644.99	45489.12	48391.66	45657.79	41578.54	41828.59	40161.98	39090.38	27864.91	27918.05	337733.35
02	강릉	서	45˚	28681.68	31794.61	39253.55	42760.16	44552.39	42114.99	38836.39	39741.76	37768.65	37190.32	26713.59	27372.53	319090.99
02	강릉	서	60˚	27440.99	29901.37	36167.72	39034.28	39909.97	37637.97	35112.74	36474.68	34663.95	34666.07	25000.01	26148.24	293780.57
02	강릉	서	90˚	23010.56	24236.58	28242.57	29636.42	29236.10	27749.01	26284.31	27746.72	26937.38	28009.26	20710.75	22311.58	229432.94
02	강릉	북서	30˚	14562.83	20512.35	30538.51	38003.59	44440.06	43556.20	39078.65	37011.18	31796.39	25178.23	15894.39	12420.42	258047.72
02	강릉	북서	45˚	10939.25	15988.74	24510.24	31927.45	38137.17	38171.92	34622.13	32579.51	26315.13	19436.75	12444.06	9182.47	215161.79
02	강릉	북서	60˚	9764.99	13702.70	20438.28	26561.64	31733.96	32165.79	29626.61	27906.99	22151.87	16228.37	11056.25	8406.03	182616.09
02	강릉	북서	90˚	9724.81	12064.47	16191.17	19595.21	22141.56	22709.51	21407.23	20774.78	17315.04	13627.50	10233.38	8808.29	142232.03
02	강릉	북동	30˚	14257.77	20417.82	30398.30	36142.95	43699.30	42911.97	38071.42	34386.74	31272.90	24405.75	16237.60	11855.38	251471.43
02	강릉	북동	45˚	10720.44	16031.04	24319.26	29667.64	37090.04	37332.03	33222.75	29216.77	25831.74	18697.06	12618.18	8823.25	207291.20
02	강릉	북동	60˚	9552.06	13822.73	20250.55	24376.38	30645.75	31259.10	28234.82	24532.19	21615.90	15529.24	11007.66	8062.46	174619.85
02	강릉	북동	90˚	9586.52	12310.58	16042.47	18271.93	21762.44	21995.37	20561.99	18527.45	16542.75	13231.29	10155.23	8609.29	137078.88
02	강릉	북	30˚	6937.88	13243.90	24708.09	33828.06	42689.92	42666.22	37790.66	33858.90	27553.54	17216.05	9466.15	5580.68	216203.90
02	강릉	북	45˚	6920.86	8455.85	13782.18	24544.43	34927.70	36524.17	32426.00	27426.02	18453.57	8491.78	8168.03	6188.16	165660.32
02	강릉	북	60˚	7596.16	9073.45	10843.35	14538.82	25540.74	28594.79	25549.82	19779.36	12300.04	8922.07	8543.24	6867.19	130354.14
02	강릉	북	90˚	8900.12	10081.89	11749.57	11927.71	14538.63	15846.93	15520.08	14266.04	12370.86	10413.49	9061.24	8240.95	104423.75
03	서울	수평	0˚	32254.02	34821.49	44520.91	42516.61	48899.88	45174.05	42236.97	38053.79	38780.44	35044.12	28444.93	26721.68	334131.71
03	서울	남	30˚	53231.05	49949.08	55478.81	47045.65	49006.79	43521.23	43048.55	41222.85	45259.97	48015.45	43608.80	45696.74	412520.43
03	서울	남	45˚	59408.66	53492.52	56465.41	45591.10	45292.56	39421.71	40183.32	39668.08	44993.06	50659.78	47735.28	51526.75	419264.79
03	서울	남	60˚	62080.94	53969.58	54297.32	41744.79	39385.90	33508.78	35406.88	36145.02	42365.51	50442.01	49127.44	54328.93	403397.79
03	서울	남	90˚	56432.36	45805.68	41293.01	28031.31	22966.50	18523.88	21806.96	24183.94	30839.12	41673.61	43522.12	50305.26	310285.50
03	서울	남동	30˚	45753.30	44649.41	50509.71	45923.84	48086.91	43482.53	43261.85	39727.87	43417.78	43203.00	39185.12	39193.36	384294.67
03	서울	남동	45˚	48877.62	46236.03	49791.09	44277.92	44573.28	39981.23	40823.85	38021.10	42668.61	44034.29	41488.16	42349.14	381832.03
03	서울	남동	60˚	49215.64	45319.36	46803.58	40769.55	39540.47	35169.65	36726.27	34948.19	40172.68	42749.81	41567.41	43165.99	362087.25
03	서울	남동	90˚	41730.40	36791.66	35084.89	29404.14	26824.87	23518.71	25647.79	25501.92	30387.12	34204.24	35170.88	37555.26	278582.94
03	서울	남서	30˚	46885.29	44942.44	52266.10	44641.16	48427.85	43577.83	41886.14	40890.08	42744.24	44182.51	38170.80	40033.18	386018.75
03	서울	남서	45˚	50434.40	46531.57	52141.74	42585.72	45008.37	40112.32	39077.78	39520.73	41782.52	45457.29	40187.19	43544.14	384327.23
03	서울	남서	60˚	51124.99	45648.47	49529.43	38941.91	40040.84	35274.27	34854.92	36483.57	39144.90	44380.33	40004.02	44609.37	365060.09
03	서울	남서	90˚	43933.07	37001.50	37691.47	27760.25	27200.55	23526.69	24113.36	26793.99	29300.79	35811.71	33429.26	39173.76	281587.36
03	서울	동	30˚	29552.25	32978.01	40764.35	41581.77	45619.12	42679.37	41978.66	36563.29	37976.43	33261.46	28118.20	25309.14	318685.31
03	서울	동	45˚	27272.58	30949.24	37559.89	38888.69	41752.04	39335.67	39341.75	34387.74	35990.07	31443.13	26940.45	23929.63	297780.35
03	서울	동	60˚	24552.64	28414.44	33913.90	35282.18	37169.91	35180.37	35619.10	31457.94	33201.70	29076.11	25245.36	22226.90	271137.70
03	서울	동	90˚	19301.20	22323.91	25503.44	26518.03	27169.34	25932.52	26562.42	24077.12	25726.20	22898.51	20173.78	17910.94	207400.74
03	서울	서	30˚	30892.02	33282.58	42999.88	39848.89	46049.19	42713.94	40074.77	38162.25	37135.27	34431.18	27057.28	26294.93	320654.50
03	서울	서	45˚	28906.68	31306.07	40288.60	36796.28	42311.67	39347.50	36933.69	36151.27	34921.99	32824.68	25577.02	25140.72	299883.13
03	서울	서	60˚	26699.23	28785.29	36712.31	33075.67	37761.82	35145.50	33017.36	33269.73	32010.32	30621.51	23581.89	23474.39	273327.26
03	서울	서	90˚	20903.13	22521.72	28133.18	24552.12	27570.86	25836.10	24539.27	25981.89	24683.46	24369.17	18789.48	19098.54	209638.09
03	서울	북서	30˚	15342.99	21067.15	32179.67	34747.38	42623.38	40875.12	38215.26	34129.58	30662.53	23593.86	16343.12	12942.03	250525.32
03	서울	북서	45˚	10799.45	16050.75	25786.37	29304.74	36743.74	35858.34	33605.94	30163.58	25974.33	18993.37	12831.11	9867.01	209117.28
03	서울	북서	60˚	9384.81	13438.79	21236.18	24471.50	30709.48	30243.64	28526.82	26218.40	22232.17	16177.50	11374.95	9009.42	177722.29
03	서울	북서	90˚	9488.41	11520.70	16308.13	18147.95	21621.30	21364.28	20789.61	20230.20	17273.60	13429.41	10298.20	9021.55	138543.53
03	서울	북동	30˚	14630.80	20894.95	30651.87	36026.20	42327.21	40898.22	39645.84	32892.34	31249.55	22840.42	16883.56	12564.73	249574.42
03	서울	북동	45˚	10348.22	15889.38	24108.26	30816.34	36335.18	35900.99	35541.20	28784.35	26652.84	18174.58	13317.46	9589.01	208676.07
03	서울	북동	60˚	9075.13	13271.90	19649.24	25957.45	30278.12	30353.25	30624.39	24834.92	22895.20	15411.17	11746.92	8833.55	177602.40
03	서울	북동	90˚	9425.60	11450.79	15195.69	19284.29	21429.14	21508.62	22116.34	18828.51	17661.93	12957.05	10514.28	8960.43	138383.79
03	서울	북	30˚	7677.98	14380.63	26301.02	33092.84	41241.72	40380.61	38190.72	31862.74	27757.39	17348.87	10744.76	7167.54	216610.41
03	서울	북	45˚	7474.13	8965.93	15478.44	25834.90	34204.58	34780.13	33247.53	26360.41	20225.31	10429.35	9385.89	7649.27	171311.71
03	서울	북	60˚	8081.65	9330.91	11597.55	17605.91	25622.17	27506.01	26764.16	19719.13	14416.00	10503.31	9641.56	8097.73	138199.36
03	서울	북	90˚	9233.36	9869.34	12108.92	14078.57	15206.02	15573.48	16959.59	14823.83	13336.54	10822.89	9731.14	8764.80	110002.45
04	인천	수평	0˚	30620.86	34333.82	38989.62	44821.63	51539.46	45117.90	43862.44	42609.27	42024.11	34970.08	27367.20	26114.00	337707.60
04	인천	남	30˚	52427.53	49572.48	48189.60	49062.77	51019.66	43627.24	43675.82	45213.52	49938.26	46516.17	42438.67	46359.81	414612.07
04	인천	남	45˚	59086.35	53224.40	48943.42	47306.54	46806.83	39656.41	40267.73	42993.15	49884.61	48600.86	46620.70	52761.10	420421.76
04	인천	남	60˚	62241.16	53836.14	47004.64	43089.15	40332.41	33893.01	34968.74	38652.48	47105.88	47978.97	48132.75	56038.61	403626.31
04	인천	남	90˚	57432.21	45982.35	35755.89	28465.42	22713.50	19192.90	20543.58	24749.90	34261.95	38966.51	42923.73	52556.97	308810.42
04	인천	남동	30˚	45309.19	44549.75	43618.17	47676.64	51051.35	43824.17	44623.17	45941.76	48115.68	42726.12	38136.15	39956.89	390959.95
04	인천	남동	45˚	49215.22	46389.76	42883.98	45760.18	47415.18	40463.51	42023.52	44321.29	47596.99	43401.08	40559.94	43760.19	389615.19
04	인천	남동	60˚	50297.15	45705.33	40260.15	41994.25	42089.60	35740.18	37655.06	40741.51	45048.18	42007.27	40835.84	45172.01	370396.98
04	인천	남동	90˚	44044.29	37624.34	30307.87	30055.28	28324.09	24054.20	25767.64	29203.18	34188.23	33339.92	34914.33	40271.68	286052.69
04	인천	남서	30˚	45299.80	44278.56	46408.12	46984.10	49678.26	43439.16	42217.90	42355.27	46103.47	42520.42	37029.63	39782.03	384062.55
04	인천	남서	45˚	49022.83	45884.00	46658.46	44765.21	45636.79	40006.35	38881.60	39611.94	44860.89	43177.53	39146.02	43512.86	380392.03
04	인천	남서	60˚	50041.21	45073.33	44657.04	40768.95	40159.01	35216.57	34281.55	35475.29	41881.25	41702.81	39147.50	44875.41	359986.63
04	인천	남서	90˚	43935.63	36863.51	34651.42	28829.45	26735.33	23509.04	23168.85	24663.21	31123.83	32984.60	33046.41	39937.58	276859.58
04	인천	동	30˚	29816.74	33117.46	35697.26	42885.90	48871.37	43135.97	43762.85	43331.78	41460.90	33796.81	27400.36	25927.10	328106.49
04	인천	동	45˚	28880.57	31540.63	33099.08	39938.25	45018.20	39943.08	41140.76	41177.65	39410.01	32013.90	26552.34	25340.83	309725.97
04	인천	동	60˚	27298.99	29364.17	30133.64	36115.00	40228.01	35814.33	37224.26	37757.47	36424.88	29597.99	25200.79	24288.25	284429.61
04	인천	동	90˚	23034.95	23635.44	23181.76	26833.35	29383.75	26344.66	27663.12	28282.41	28189.14	23237.55	20599.73	20610.83	219792.57
04	인천	서	30˚	29565.53	32733.13	39250.20	41859.15	46927.34	42450.63	40274.01	38470.76	38807.30	33499.37	26269.88	25695.00	318294.85
04	인천	서	45˚	28615.96	31024.50	37482.75	38456.91	42547.21	39040.41	36681.43	34859.99	36015.77	31615.67	25108.78	25043.44	296869.96
04	인천	서	60˚	27355.35	28797.44	34748.40	34473.64	37556.93	34795.08	32505.87	30900.25	32771.96	29223.26	23487.31	23969.36	270629.05
04	인천	서	90˚	22939.68	22970.22	27296.10	25789.00	27181.85	25354.16	23780.31	23044.48	25225.58	22885.04	19153.03	20360.57	208822.75
04	인천	북서	30˚	14361.76	20721.10	30086.25	35943.64	43526.41	40738.97	38401.67	34891.90	30969.73	23779.93	15797.94	12158.43	249530.31
04	인천	북서	45˚	10572.65	16081.71	25063.86	29889.34	36811.32	35774.68	33128.87	29275.40	25260.82	19178.60	12642.38	9362.40	206939.77
04	인천	북서	60˚	9356.05	13633.01	21268.86	24709.41	30227.20	30187.74	27651.45	24307.89	21108.00	16236.60	11282.38	8550.96	174382.07
04	인천	북서	90˚	9390.75	11648.22	16466.58	18365.30	21088.02	21284.46	19797.30	18261.51	16497.73	13193.55	10243.92	8763.18	135208.31
04	인천	북동	30˚	14423.16	20975.17	27660.60	36639.64	45030.07	41373.85	41069.42	38521.25	32837.11	23948.56	16375.93	12284.33	256683.84
04	인천	북동	45˚	10634.33	16356.93	22455.97	30905.38	38803.91	36612.83	36784.07	34049.02	27520.02	19347.18	13123.99	9429.81	216467.85
04	인천	북동	60˚	9336.60	13867.60	18895.39	25703.32	32344.84	31176.00	31561.19	29144.89	23237.66	16403.16	11658.67	8606.33	184239.04
04	인천	북동	90˚	9417.54	11828.15	14991.57	18616.41	22613.21	22140.08	22689.64	21129.08	17624.44	13336.74	10421.93	8778.80	141526.27
04	인천	북	30˚	6522.29	14043.07	24507.39	33574.00	42968.01	40569.96	38972.09	34977.51	27883.67	18519.54	10184.16	6137.14	218646.78
04	인천	북	45˚	6412.90	9126.41	15597.32	25347.18	35267.83	35141.29	33476.08	28462.98	18688.39	11227.11	9045.82	6668.32	171665.02
04	인천	북	60˚	7091.66	9451.41	11987.58	16317.50	25942.19	28056.73	26401.21	20702.92	12305.97	10890.62	9322.48	7224.49	135892.34
04	인천	북	90˚	8521.16	9911.78	12066.99	12977.64	14682.05	16266.40	15983.06	14513.96	12207.36	10827.73	9481.19	8242.63	106451.35
05	원주	수평	0˚	29332.18	35061.92	43405.26	42942.36	50091.82	45682.49	39918.44	39109.59	40357.85	35567.84	26879.97	26329.63	332016.29
05	원주	남	30˚	49389.57	51165.70	54433.68	46912.65	50363.14	44199.48	40582.48	41965.70	47610.41	48021.90	41460.98	45847.21	410084.62
05	원주	남	45˚	55440.46	55074.18	55509.94	45202.06	46513.87	40081.64	37869.14	40182.19	47475.67	50415.40	45472.57	51924.05	416701.01
05	원주	남	60˚	58224.83	55798.99	53461.27	41155.23	40346.61	34066.74	33355.01	36393.20	44785.29	49975.06	46880.76	54933.83	400713.53
05	원주	남	90˚	53470.58	47720.30	40750.53	27179.66	23137.82	18638.71	20524.70	23887.41	32609.82	40903.97	41687.08	51154.73	307400.36
05	원주	남동	30˚	42304.75	45602.07	50705.76	45430.07	49345.82	43866.05	40598.64	41127.08	45608.62	43744.71	36088.50	38801.84	381891.40
05	원주	남동	45˚	45541.84	47464.83	50480.22	43536.55	45754.80	40118.72	38195.11	39281.87	44922.32	44541.35	37917.66	41971.45	379263.33
05	원주	남동	60˚	46253.19	46827.65	47901.67	39934.90	40491.08	34991.42	34286.14	35900.20	42244.07	43106.36	37729.97	42884.23	359368.65
05	원주	남동	90˚	39979.25	38545.62	36442.16	28643.10	27175.55	22914.16	23907.09	25722.31	31747.08	34297.42	31756.64	37544.77	276197.58
05	원주	남서	30˚	43547.34	45949.81	50106.53	45233.19	49721.04	44162.98	39907.47	40801.54	44554.72	43821.63	37509.86	40411.39	383717.82
05	원주	남서	45˚	47186.56	47810.60	49693.23	43208.66	46153.85	40534.92	37374.11	38898.28	43528.61	44694.36	40040.36	44285.86	381958.73
05	원주	남서	60˚	48251.53	47206.32	47064.38	39557.24	40958.22	35473.49	33470.70	35491.04	40702.96	43226.65	40339.11	45639.81	362907.20
05	원주	남서	90˚	42285.43	38819.48	35621.10	28257.52	27567.38	23284.15	23190.59	25302.35	30366.47	34282.29	34525.17	40523.17	280125.27
05	원주	동	30˚	27961.76	33506.05	41337.16	40946.54	46683.53	42692.26	39449.84	38142.40	39463.69	34097.78	25566.72	24857.07	317439.89
05	원주	동	45˚	26812.31	31878.81	38649.73	38089.98	42638.92	38896.22	36888.82	35667.91	37232.28	32220.86	24483.22	23667.00	297277.68
05	원주	동	60˚	25207.38	29792.89	35304.17	34475.15	37804.42	34335.21	33301.99	32376.53	34200.53	29710.72	22965.42	22242.68	271389.01
05	원주	동	90˚	20942.88	24025.90	26973.55	25794.97	27483.07	24664.28	24963.44	24380.58	26534.65	23260.51	18551.44	18226.34	208613.45
05	원주	서	30˚	29247.41	33898.28	40619.28	40642.40	47135.22	43156.01	38468.36	37736.28	38115.62	34032.51	27376.91	26585.38	319114.50
05	원주	서	45˚	28401.81	32376.07	37756.48	37739.27	43231.18	39529.67	35710.52	35183.32	35621.77	32022.06	26582.57	25844.74	299361.16
05	원주	서	60˚	27168.10	30269.08	34236.13	34075.43	38481.69	35008.69	32069.01	31824.06	32482.76	29554.65	25097.80	24496.47	273605.00
05	원주	서	90˚	22637.74	24295.50	25995.51	25475.50	28036.69	25211.78	23801.72	23877.05	24740.37	23336.06	20709.10	20499.83	210674.37
05	원주	북서	30˚	15008.25	21180.88	30215.66	35082.81	43506.50	41237.53	36662.60	33989.67	30903.25	23612.07	16480.30	12772.55	248951.23
05	원주	북서	45˚	11475.81	16383.34	23895.79	29594.85	37300.33	36034.88	32529.08	29553.68	25681.47	18803.38	13291.14	9771.60	207840.57
05	원주	북서	60˚	10206.32	13861.87	19507.59	24690.53	30942.01	30118.02	27800.73	25150.40	21591.80	15915.58	11795.39	8950.16	175839.87
05	원주	북서	90˚	9877.21	12009.66	15120.49	18346.20	21660.78	20765.84	20169.18	18717.29	16507.84	13019.07	10447.50	9021.44	135682.58
05	원주	북동	30˚	14436.15	20927.38	30743.55	35259.66	43133.25	40871.89	37450.50	34314.69	31922.23	23675.56	15651.53	12166.68	248895.78
05	원주	북동	45˚	11034.59	16179.40	24480.87	29819.89	36807.61	35530.51	33576.98	29926.83	26830.04	18850.14	12547.65	9274.84	208256.97
05	원주	북동	60˚	9852.25	13701.78	20103.18	24924.66	30383.35	29556.55	28898.72	25529.43	22816.52	15820.97	11178.33	8510.29	176399.41
05	원주	북동	90˚	9782.57	11903.01	15682.59	18412.41	21269.66	20361.55	21095.61	19009.43	17664.72	12897.09	10168.34	8782.14	136694.09
05	원주	북	30˚	7624.66	13863.91	25265.11	32670.09	41994.00	40475.12	36397.36	32562.63	27852.31	18006.45	10354.33	6595.65	214813.59
05	원주	북	45˚	7584.48	8521.58	14542.14	25011.24	34575.94	34657.00	31846.20	26822.38	19520.11	10630.84	9083.55	7127.64	168330.70
05	원주	북	60˚	8180.94	9046.76	10853.78	16504.46	25537.53	27177.86	25807.32	19924.01	13392.08	10561.37	9331.59	7658.45	134633.13
05	원주	북	90˚	9202.62	9925.03	11575.18	12937.10	14785.13	15053.02	16400.22	14484.35	12852.56	10736.29	9402.66	8540.66	106625.26
06	청주	수평	0˚	26907.60	31672.97	41449.90	43220.67	50582.50	47992.87	40999.64	42499.27	41053.02	37867.07	30898.05	27126.73	337732.68
06	청주	남	30˚	43001.70	44320.69	51046.01	46972.71	50592.65	46524.01	40903.61	45196.91	47550.73	50473.97	47637.43	45618.08	408800.30
06	청주	남	45˚	47642.01	47146.57	51728.49	45159.49	46642.38	42268.79	37816.54	43056.27	47049.54	52734.36	52195.79	51229.85	412239.82
06	청주	남	60˚	49534.27	47328.00	49541.13	41009.37	40380.62	36023.02	32959.19	38762.49	44040.12	52030.13	53737.61	53849.84	393558.62
06	청주	남	90˚	44754.91	39889.09	37340.23	26882.56	22987.01	19973.80	19714.54	25035.42	31443.73	42118.58	47564.05	49616.33	297153.52
06	청주	남동	30˚	37972.28	39522.36	46764.13	45568.02	50001.81	46982.02	40442.78	44776.58	44740.26	45322.52	41581.56	38982.10	381717.84
06	청주	남동	45˚	40641.28	40563.91	46028.05	43582.06	46374.89	43305.62	37640.14	42756.47	43241.50	45676.77	43679.67	41862.93	376330.84
06	청주	남동	60˚	41080.13	39513.42	43272.94	39870.58	41020.61	38028.17	33538.55	38996.94	39878.12	43832.12	43424.67	42520.56	354108.94
06	청주	남동	90˚	35293.73	31824.83	32428.28	28399.15	27355.83	25076.60	23224.59	27798.99	28652.96	34236.98	36262.81	36819.38	268193.57
06	청주	남서	30˚	37692.63	40899.16	48383.49	45246.01	49716.18	45674.91	41026.75	43339.10	45503.61	46902.10	42608.55	40177.78	384973.15
06	청주	남서	45˚	40144.80	42420.92	48158.71	43096.55	45887.92	41648.26	38435.33	40985.10	44279.89	47873.96	45221.45	43583.77	380935.87
06	청주	남서	60˚	40474.16	41747.46	45737.79	39302.41	40465.01	36248.45	34383.85	37153.01	41009.60	46360.44	45310.28	44576.44	359729.35
06	청주	남서	90˚	34732.14	34196.82	34942.29	27893.63	26953.30	23788.23	23821.43	26168.53	29743.16	36754.02	38287.04	39055.91	274659.09
06	청주	동	30˚	26615.62	29973.24	38386.68	41196.50	47554.74	46131.71	39211.15	41831.67	38540.18	35261.18	28917.77	25523.77	320850.36
06	청주	동	45˚	25648.77	28222.53	35542.41	38261.89	43526.27	42488.26	36364.93	39191.78	35341.41	32903.62	27269.23	24168.07	298770.63
06	청주	동	60˚	24112.05	26129.74	32215.49	34509.86	38584.35	37762.80	32731.17	35619.02	31523.46	29992.90	25249.69	22611.69	271076.99
06	청주	동	90˚	19878.08	20799.67	24552.68	25701.32	27824.84	27149.95	24481.10	26758.67	23069.01	23030.93	20031.74	18301.31	205694.58
06	청주	서	30˚	26144.67	31817.31	40409.90	40713.60	47079.67	44308.15	40018.13	39931.44	39587.89	37088.78	30298.24	26895.38	324545.48
06	청주	서	45˚	25164.86	30596.53	38151.55	37639.17	42872.02	40171.97	37358.87	36891.26	36659.47	35115.77	28943.16	25936.80	303488.18
06	청주	서	60˚	23802.33	28592.04	35072.72	33892.82	37919.36	35297.32	33776.09	33075.35	32977.70	32477.79	26900.66	24359.89	276182.90
06	청주	서	90˚	19409.35	22664.63	27064.15	25170.50	27419.48	25212.66	25263.22	24436.80	24318.54	25489.20	21676.44	19985.39	210409.18
06	청주	북서	30˚	15003.39	21667.16	30888.03	35304.88	43669.97	42715.43	38018.71	36162.91	32856.22	26066.01	17520.08	13597.64	258340.44
06	청주	북서	45˚	11861.46	17614.17	25314.20	29718.12	37285.19	37053.72	33927.90	31096.48	27279.40	20833.64	13339.57	10310.04	216106.01
06	청주	북서	60˚	10635.63	15144.55	21147.38	24724.44	30740.66	30754.14	29156.63	26134.11	22617.49	17524.45	11469.10	9135.48	182152.97
06	청주	북서	90˚	9883.60	12650.49	16200.63	18152.95	21361.89	21135.08	21136.49	19165.09	16810.75	14207.57	10336.25	8867.23	138786.29
06	청주	북동	30˚	15231.89	20487.51	29461.54	35618.39	43970.28	44087.49	37448.90	37667.11	32086.27	24910.04	16779.04	13069.05	256447.42
06	청주	북동	45˚	12146.36	16513.28	23559.03	30134.55	37745.95	38923.25	33154.89	32939.04	26325.11	19647.78	12669.12	9923.33	214716.97
06	청주	북동	60˚	10838.83	14386.22	19494.29	25100.30	31208.44	32788.71	28384.52	28114.17	21716.65	16339.38	10949.58	8920.22	181482.40
06	청주	북동	90˚	9983.29	12385.03	15162.89	18398.13	21532.62	22586.44	20627.27	20818.25	16133.84	13248.09	10034.59	8712.38	138575.98
06	청주	북	30˚	9178.48	15625.64	25592.41	33013.09	42521.29	42838.63	37114.89	35308.60	29553.78	19801.80	10409.54	7224.41	225383.21
06	청주	북	45˚	8654.50	10772.81	15888.95	25366.87	35095.59	36900.18	32317.04	29028.68	21587.89	11609.76	8403.86	7503.14	177898.32
06	청주	북	60˚	8983.08	10999.31	11573.97	16787.38	26032.54	29211.49	26009.77	21491.37	14599.69	11136.09	8749.42	7839.75	141443.60
06	청주	북	90˚	9287.22	10907.52	11879.41	12923.06	14915.65	16336.93	15979.42	15147.11	13446.78	11334.45	9253.84	8392.22	109421.49
07	대전	수평	0˚	31639.01	37524.20	44376.23	47048.47	50102.09	45898.02	41447.74	39940.30	42554.90	37217.15	30568.26	27888.15	347608.75
07	대전	남	30˚	52748.08	54489.67	54584.19	51186.58	49876.32	44322.27	41705.75	42181.28	49646.41	49751.15	47281.13	47819.13	427138.68
07	대전	남	45˚	59026.88	58540.03	55258.14	49142.14	45907.35	40219.13	38722.88	40092.66	49201.54	52041.24	51846.58	53926.98	433095.90
07	대전	남	60˚	61815.11	59196.63	52848.92	44492.32	39671.81	34246.99	33914.27	36016.73	46079.80	51409.12	53408.71	56845.07	415499.82
07	대전	남	90˚	56410.60	50383.88	39638.82	28717.82	22519.18	19076.08	20489.79	23113.12	32786.21	41746.81	47309.13	52547.47	316748.77
07	대전	남동	30˚	45124.51	48488.25	50112.10	48841.42	49984.18	44342.69	41169.33	40912.34	47499.08	45567.12	41318.76	41633.46	397615.77
07	대전	남동	45˚	48440.59	50315.25	49361.49	46359.01	46546.65	40779.46	38291.57	38703.50	46467.20	46337.41	43466.01	45190.27	394079.82
07	대전	남동	60˚	49062.04	49430.22	46469.06	42184.70	41380.93	35819.57	33970.07	35093.44	43479.67	44834.66	43273.49	46269.27	372869.59
07	대전	남동	90˚	42186.96	40297.35	35030.93	29931.25	28025.16	23926.00	23307.22	25173.63	32263.90	35631.21	36292.53	40596.28	286301.52
07	대전	남서	30˚	46532.54	49004.57	51526.25	50025.58	48649.91	44503.34	41549.87	41907.66	46630.75	45354.72	42337.16	41030.06	400562.74
07	대전	남서	45˚	50244.89	50926.08	51283.35	47990.47	44759.68	41072.00	38921.86	40182.94	45294.59	46119.92	45011.66	44378.99	398391.18
07	대전	남서	60˚	51202.32	50174.27	48699.12	44046.70	39408.86	36248.94	34797.16	36903.67	42115.88	44576.14	45175.96	45267.07	378215.72
07	대전	남서	90˚	44712.48	41179.43	37200.30	31538.19	26403.07	24224.34	23860.98	26707.70	30909.40	35321.43	38320.49	39368.26	291446.33
07	대전	동	30˚	29936.28	35504.55	41046.27	43554.39	48002.34	43622.39	39740.93	37986.96	41081.43	35792.32	28978.32	27255.89	330331.53
07	대전	동	45˚	28570.98	33490.79	38152.70	40111.05	44348.50	40206.09	36640.92	35310.05	38563.13	33844.82	27525.75	26086.45	308676.23
07	대전	동	60˚	26716.55	31074.80	34762.41	36134.60	39720.78	35877.99	32743.64	32136.83	35203.07	31245.56	25670.65	24623.20	281690.44
07	대전	동	90˚	22231.02	25034.81	26738.33	27146.38	29244.10	26411.53	24230.45	24651.04	26689.76	24696.37	20644.31	20231.61	217450.66
07	대전	서	30˚	31362.84	36264.32	42876.71	45167.74	46050.57	43794.98	40267.60	39504.83	39991.77	35568.65	30303.28	26522.19	334077.34
07	대전	서	45˚	30491.22	34552.53	40449.65	42177.87	41843.03	40526.09	37440.58	37403.92	37174.53	33617.98	29136.07	25284.40	313928.68
07	대전	서	60˚	29144.84	32147.40	37189.96	38275.81	37036.40	36306.31	33602.95	34320.89	33704.28	31091.18	27313.15	23650.70	287406.19
07	대전	서	90˚	24168.70	25561.39	28895.53	28798.87	26990.02	26433.40	24605.70	26167.56	25535.24	24346.82	22283.64	19377.75	221240.82
07	대전	북서	30˚	16039.43	22607.70	32386.35	38529.37	42931.10	42046.59	38199.62	35608.87	32457.65	24955.04	17690.39	12865.00	260334.79
07	대전	북서	45˚	11910.62	17198.43	26294.18	32484.62	36594.68	37178.39	33965.77	31512.04	26719.52	19921.00	13681.59	9471.99	217038.20
07	대전	북서	60˚	10377.70	14209.32	21861.06	26983.42	30220.56	31548.74	29006.27	27189.40	22208.72	16677.15	11885.36	8418.94	183190.36
07	대전	북서	90˚	10051.95	12240.34	16717.88	19693.51	21196.77	22092.19	20533.63	20142.80	16973.35	13575.70	10781.61	8669.62	140795.71
07	대전	북동	30˚	15285.41	22123.45	31094.54	37334.01	44454.40	42013.33	37905.47	34555.83	33222.24	24970.27	17031.92	13184.12	258058.87
07	대전	북동	45˚	11348.11	16858.29	24780.47	31007.49	38582.95	37085.23	33516.01	29984.09	27618.06	19876.71	13147.66	9741.76	214572.44
07	대전	북동	60˚	9953.37	14153.81	20425.69	25642.63	32320.79	31393.72	28503.21	25733.12	22976.31	16798.44	11458.33	8617.82	181280.69
07	대전	북동	90˚	9839.02	12377.72	15836.51	18963.48	22762.42	22359.60	20556.71	19532.17	17251.59	13760.26	10491.21	8648.38	140581.25
07	대전	북	30˚	7654.42	14783.01	26536.91	35055.55	42473.59	41587.83	37362.47	33550.08	29176.67	19052.06	10632.74	6325.61	222458.82
07	대전	북	45˚	7053.42	8469.29	15759.22	26263.38	35265.46	36121.27	32483.59	27795.69	20239.45	10943.75	8594.99	6699.55	172553.61
07	대전	북	60˚	7719.90	9072.35	10931.02	16441.69	26400.93	28895.37	26115.81	20821.36	12669.16	10618.97	9019.76	7235.47	136078.86
07	대전	북	90˚	9028.46	10178.69	11583.06	12586.98	15116.45	16460.81	16192.09	14481.92	12316.63	10905.16	9591.91	8249.46	107182.74
08	대구	수평	0˚	32759.89	36680.53	47825.64	46401.25	50385.58	46902.83	42879.87	38336.24	40762.41	35553.53	30786.23	30500.68	350354.91
08	대구	남	30˚	54525.57	52912.60	58808.72	50148.83	49805.85	44969.14	42667.89	40912.59	47073.95	47257.39	47050.91	52776.65	429797.59
08	대구	남	45˚	60972.74	56743.14	59473.28	48035.76	45629.79	40672.42	39378.57	39098.48	46506.23	49360.79	51414.47	59643.50	435550.71
08	대구	남	60˚	63804.84	57300.19	56784.32	43401.87	39220.53	34487.57	34217.18	35332.65	43455.72	48714.85	52808.33	62969.16	417632.62
08	대구	남	90˚	58111.32	48667.64	42294.88	27898.46	21944.54	19008.75	20301.42	23117.58	30873.64	39535.39	46515.79	58347.13	318355.51
08	대구	남동	30˚	47330.87	47987.44	55044.90	48794.20	48774.06	45459.45	42456.51	39889.19	45029.59	42551.24	41517.22	46183.05	402162.89
08	대구	남동	45˚	50885.90	49964.90	54527.02	46688.69	44912.22	41890.48	39474.63	37966.71	43952.85	42955.56	43656.57	50318.74	399286.54
08	대구	남동	60˚	51692.16	49347.46	51650.65	42770.85	39507.77	36849.43	35176.73	34600.74	40948.99	41199.93	43359.42	51644.58	378461.73
08	대구	남동	90˚	44623.55	40625.35	39073.04	30629.68	26367.23	24502.14	24266.21	24844.12	30183.53	32329.33	36302.47	45643.46	291302.38
08	대구	남서	30˚	47409.05	46979.41	54302.97	48281.35	49620.79	44718.34	42489.17	40360.45	44562.45	44107.30	41896.05	44816.59	401171.16
08	대구	남서	45˚	50918.18	48482.17	53469.55	45939.09	45930.98	40891.44	39650.94	38662.29	43317.41	45158.84	44265.01	48515.36	397953.10
08	대구	남서	60˚	51737.39	47592.31	50417.98	41865.85	40560.24	35704.20	35403.01	35452.03	40213.87	43841.84	44152.02	49494.41	376914.65
08	대구	남서	90˚	44741.33	38742.30	37868.10	29801.42	27220.43	23723.86	24353.59	25559.18	29586.52	35011.78	37051.45	43061.51	289487.42
08	대구	동	30˚	31592.52	35782.90	45473.20	44151.83	46473.72	44943.25	41309.38	37252.79	39344.28	33410.81	29468.47	30129.86	335377.59
08	대구	동	45˚	30296.83	34246.50	42598.39	41160.49	42321.51	41573.90	38341.72	34792.83	36820.06	31336.91	28015.33	29109.59	314369.45
08	대구	동	60˚	28630.78	32210.13	38932.32	37367.53	37490.96	37206.05	34555.52	31597.68	33503.13	28753.67	26021.74	27838.44	287678.81
08	대구	동	90˚	23783.43	26121.87	29833.01	28307.72	27249.86	27088.61	25704.10	24091.86	25539.51	22635.18	20714.82	23246.69	222091.19
08	대구	서	30˚	31615.65	34647.30	44495.56	43346.31	47514.85	43890.47	41389.26	37904.54	38815.65	35392.49	29889.32	28761.12	334263.71
08	대구	서	45˚	30452.85	32880.16	41400.30	40162.53	43631.47	40181.71	38511.64	35746.86	36235.87	33787.09	28451.69	27447.31	313245.64
08	대구	서	60˚	28890.67	30634.52	37653.61	36274.75	38915.92	35652.12	34656.69	32634.87	32909.73	31423.81	26410.49	25686.56	286101.73
08	대구	서	90˚	23839.87	24500.67	28881.44	27269.64	28363.13	25998.62	25705.77	24624.25	24820.16	24808.15	21418.15	21316.03	220197.93
08	대구	북서	30˚	16099.01	21959.13	33460.37	37226.00	44180.63	42447.29	39494.99	34457.33	32157.26	25332.04	17651.38	13644.61	261745.24
08	대구	북서	45˚	11786.66	16937.66	26525.70	31148.30	38131.62	37252.65	35107.23	30520.32	26963.35	20661.30	13647.85	9882.95	218297.00
08	대구	북서	60˚	10182.54	14178.26	21672.16	25824.39	31762.49	31354.61	30049.06	26307.45	22597.60	17498.45	11843.98	8693.84	184242.11
08	대구	북서	90˚	10021.79	12225.25	16684.40	18976.82	22083.62	21992.07	21594.19	19533.04	17024.55	14075.39	10656.61	9141.95	141815.39
08	대구	북동	30˚	16028.69	22590.11	34106.71	37825.48	43400.68	43225.31	39493.30	34032.80	32551.40	24017.36	17511.29	14255.52	262351.54
08	대구	북동	45˚	11745.45	17587.46	27188.77	31919.46	37071.11	38326.27	35054.70	29883.66	27326.39	19387.58	13375.39	10377.81	218708.53
08	대구	북동	60˚	10233.37	14829.18	22177.13	26637.72	30648.52	32545.47	30038.93	25678.90	22952.21	16571.41	11489.31	9145.89	184878.65
08	대구	북동	90˚	10058.95	12634.93	16825.17	19616.62	21362.43	22755.27	21679.22	19495.19	17444.85	13684.80	10410.92	9293.15	142679.38
08	대구	북	30˚	7711.70	14879.37	28105.78	34701.90	42627.78	42421.55	38887.42	32868.97	29179.71	19385.11	10995.05	6228.03	225259.84
08	대구	북	45˚	6786.62	8604.95	16218.19	26119.50	35359.68	36837.24	33886.12	27641.09	21193.29	11967.20	8692.02	6558.35	175611.23
08	대구	북	60˚	7556.47	9141.76	10503.48	16502.86	26443.83	29482.36	27291.95	21189.54	13939.88	11559.96	9066.27	7242.35	138987.01
08	대구	북	90˚	9120.78	10125.04	11584.12	12456.89	14773.34	16548.97	16520.95	15074.19	12983.39	11547.45	9543.72	8658.41	108843.53
09	전주	수평	0˚	29054.79	34347.17	41381.10	44273.83	49073.12	41824.85	42228.69	44937.93	38399.80	35389.47	28986.75	24049.62	331580.02
09	전주	남	30˚	46204.95	48184.22	50251.14	47491.05	48626.95	40858.23	41885.37	46809.01	44781.15	46091.30	43358.04	38216.57	396106.94
09	전주	남	45˚	51085.40	51231.91	50687.15	45424.11	44647.30	37341.71	38615.23	44129.06	44460.36	47818.54	47122.87	42326.11	397524.90
09	전주	남	60˚	52999.48	51360.52	48355.49	41039.43	38464.51	32063.76	33558.09	39219.56	41771.65	46916.00	48210.07	44031.36	377772.51
09	전주	남	90˚	47617.80	43024.99	36205.80	26549.20	21711.17	18501.25	19971.46	24329.28	30129.66	37642.59	42242.72	39935.92	282653.27
09	전주	남동	30˚	40248.43	43656.99	47433.09	46154.95	48133.50	40307.58	41249.89	44717.89	42147.01	42918.95	38128.39	33274.55	371083.17
09	전주	남동	45˚	42777.11	45067.86	46985.02	43931.09	44507.26	37092.51	38230.10	41739.90	41031.71	43465.11	39752.10	35346.92	364817.19
09	전주	남동	60˚	42950.45	44103.02	44337.60	40044.41	39362.91	32683.71	33941.72	37310.89	38285.41	41896.82	39283.92	35589.34	342741.37
09	전주	남동	90˚	36365.34	35785.97	33454.60	28565.19	26575.79	22260.65	23777.61	25944.02	28480.12	33031.65	32464.99	30418.70	260441.64
09	전주	남서	30˚	40991.22	43394.23	46482.82	46825.49	48050.68	41419.29	42470.01	47136.73	43341.67	41788.23	39209.87	34132.93	376117.42
09	전주	남서	45˚	43722.09	44596.53	45649.05	44874.83	44376.35	38495.17	40058.23	44989.22	42668.52	41985.51	41416.26	36574.32	371768.26
09	전주	남서	60˚	44069.28	43494.05	42818.41	41251.35	39220.30	34244.12	36111.62	40966.34	40193.80	40182.79	41384.99	37067.75	350966.22
09	전주	남서	90˚	37693.22	35043.99	31959.48	29952.85	26363.62	23377.85	25281.87	28884.36	30369.54	31294.91	34894.89	32034.53	267790.96
09	전주	동	30˚	27783.39	33170.50	39828.02	41882.85	46093.97	39469.73	40029.25	41224.02	36448.10	34489.36	27338.05	23158.17	314729.46
09	전주	동	45˚	26430.87	31519.15	37342.23	38857.21	42277.13	36328.74	37032.57	37643.65	34095.15	32655.85	25871.51	22107.69	293695.32
09	전주	동	60˚	24545.05	29304.37	34052.13	35153.13	37712.85	32461.03	33479.91	33634.98	31143.63	30136.56	24057.26	20781.70	267590.70
09	전주	동	90˚	19846.61	23328.27	25849.17	26568.04	27635.64	23987.56	25519.47	24978.19	23991.56	23563.16	19282.50	16795.89	205389.92
09	전주	서	30˚	28471.39	32872.77	38541.03	42935.50	45942.90	40987.55	41789.66	44693.05	38118.38	33143.44	29099.37	24198.38	321956.08
09	전주	서	45˚	27334.91	31141.19	35722.45	40402.73	42096.48	38269.28	39466.39	42076.81	36288.97	31048.69	28087.11	23414.56	303344.77
09	전주	서	60˚	25778.87	28840.45	32289.96	37081.57	37477.93	34547.75	36032.80	38284.06	33582.15	28433.47	26211.01	22108.19	277986.51
09	전주	서	90˚	20843.64	22835.68	24483.51	28556.50	27394.45	25567.39	27169.37	28737.46	26124.94	21875.94	20922.38	18009.83	213563.43
09	전주	북서	30˚	16073.16	21813.88	29963.15	37230.58	42893.24	39477.87	39625.01	40284.93	31293.98	24176.51	18235.83	14273.83	259774.11
09	전주	북서	45˚	12425.28	17171.98	24219.94	32020.35	36988.67	35446.50	35703.64	35406.18	26798.18	19448.79	14442.64	11665.91	220647.76
09	전주	북서	60˚	10928.00	14539.01	20038.11	27251.09	30849.12	30522.51	31037.06	30178.39	22965.26	16310.68	12508.93	10484.44	188379.02
09	전주	북서	90˚	10005.28	12268.69	15362.29	20478.99	21621.77	21788.00	22536.88	21938.77	17703.16	13004.49	10795.94	9487.20	143979.91
09	전주	북동	30˚	15745.17	21986.95	30859.55	36380.95	43033.26	38332.36	38439.06	37681.18	30079.80	24943.16	17142.13	13810.09	254725.13
09	전주	북동	45˚	12136.51	17312.64	25197.76	30804.99	37128.31	33920.65	34007.66	31998.47	25247.76	20269.93	13691.16	11318.37	214282.99
09	전주	북동	60˚	10671.20	14591.57	20867.16	25813.25	30992.08	28862.80	29216.92	26675.45	21448.13	17144.78	12189.81	10295.70	181913.90
09	전주	북동	90˚	9919.36	12223.33	15798.50	19077.86	21750.69	20670.97	21707.82	19562.69	16579.48	13653.84	10906.70	9386.27	139786.98
09	전주	북	30˚	9430.39	15694.57	26035.41	33988.20	41862.09	38532.87	38441.93	37385.41	27398.73	19555.33	11905.69	9214.53	226413.38
09	전주	북	45˚	8537.16	9471.96	16592.01	26237.18	34932.80	33888.00	33578.89	30686.00	19850.92	12028.36	9788.41	9273.98	179343.73
09	전주	북	60˚	8902.35	9824.31	12099.95	17436.60	26369.43	27621.91	27134.52	22604.82	13616.65	11306.96	9993.65	9380.70	143685.73
09	전주	북	90˚	9344.70	10259.12	11985.07	13101.81	14946.32	16252.98	16566.90	14905.72	12751.40	11007.13	9958.18	9120.37	109760.37
10	광주	수평	0˚	29685.64	37858.87	44971.18	48799.39	53524.64	43919.29	40483.39	40972.92	44235.87	40682.33	31445.41	26263.55	352467.36
10	광주	남	30˚	47447.44	55233.07	54837.60	52346.10	52033.56	42334.41	40418.22	42473.80	51225.78	54195.65	47442.69	42608.34	424834.77
10	광주	남	45˚	52539.70	59391.70	55307.28	49903.40	47243.52	38446.56	37426.99	40042.97	50602.75	56562.34	51649.47	47415.05	427528.95
10	광주	남	60˚	54582.10	60081.11	52689.33	44812.85	40098.19	32780.99	32702.26	35682.53	47226.54	55718.06	52885.09	49486.51	407115.93
10	광주	남	90˚	49177.90	51103.95	39109.16	28202.87	21412.13	18481.66	19813.58	22378.23	33274.50	44841.63	46314.32	45055.06	305148.70
10	광주	남동	30˚	42120.25	52165.00	51496.64	51368.78	52495.11	42641.44	40153.32	42360.82	48465.74	49370.01	41928.10	36556.86	401853.25
10	광주	남동	45˚	45148.23	55286.27	50961.84	48876.71	48375.28	39246.73	37498.42	40279.23	47087.75	49980.14	43890.16	38868.84	397572.66
10	광주	남동	60˚	45693.55	55321.85	48041.11	44459.53	42585.16	34533.97	33520.53	36651.03	43824.99	48192.55	43521.03	39168.17	375566.72
10	광주	남동	90˚	39333.28	46844.24	36207.96	31351.67	28260.78	23297.93	23636.41	26317.41	32265.59	38027.95	36157.93	33467.75	287679.12
10	광주	남서	30˚	41337.35	47185.20	50802.52	49750.61	50908.28	42280.64	40704.35	41800.83	48687.87	49576.88	42400.74	38134.86	396623.97
10	광주	남서	45˚	43929.40	48416.09	49999.39	46828.02	46471.93	38869.08	38307.89	39683.97	47414.01	50326.66	44660.95	41118.31	391050.62
10	광주	남서	60˚	44151.39	47179.02	46958.21	42235.14	40637.15	34206.17	34506.38	36083.35	44220.25	48582.98	44500.59	41901.48	368479.82
10	광주	남서	90˚	37754.53	38255.37	35127.53	29287.96	26675.34	22976.16	24276.73	25861.03	32688.80	38310.86	37211.17	36531.35	280721.56
10	광주	동	30˚	29720.66	39975.04	42820.13	46586.14	50845.90	42241.19	39160.98	40057.45	41802.90	38580.91	30009.93	24763.14	340390.32
10	광주	동	45˚	28863.76	39502.60	40037.33	43204.39	46762.01	39085.54	36523.62	37731.80	39003.02	36384.43	28488.22	23573.72	320296.44
10	광주	동	60˚	27348.47	38031.66	36550.09	38986.18	41715.56	35009.02	33162.89	34595.01	35507.25	33528.12	26497.04	22219.62	293942.01
10	광주	동	90˚	22746.03	32039.44	27949.12	29139.53	30581.21	25832.36	25198.84	26637.85	27155.89	26267.28	21129.01	18138.76	227949.60
10	광주	서	30˚	28587.38	34459.67	41887.35	44382.20	48624.17	41634.88	39990.42	39443.60	42126.40	38779.85	30697.87	26792.38	334016.90
10	광주	서	45˚	27551.79	32570.88	38891.85	40440.90	44094.07	38370.41	37668.21	36968.97	39446.40	36569.20	29268.52	26122.69	312519.40
10	광주	서	60˚	26121.10	30273.00	35266.93	35953.88	38899.49	34267.50	34339.70	33768.39	35982.13	33769.85	27287.25	24852.38	285358.08
10	광주	서	90˚	21495.46	24490.55	26942.94	26313.62	27896.04	24920.21	26011.65	25941.08	27314.00	26495.58	21948.06	20370.38	219128.60
10	광주	북서	30˚	16365.58	21828.35	31932.29	38351.16	45594.45	40352.23	38190.25	35859.40	34153.66	26874.38	18592.05	15038.09	265443.71
10	광주	북서	45˚	12875.29	16798.72	25487.57	31495.33	38728.71	35774.15	34494.20	31430.63	28313.09	21109.32	14429.72	11890.79	221453.87
10	광주	북서	60˚	11424.81	14176.79	20841.78	25522.38	31788.40	30400.37	30035.34	27026.37	23505.86	17445.66	12434.49	10506.56	186575.52
10	광주	북서	90˚	10597.62	12561.27	15910.46	18090.25	21645.12	21289.27	22080.99	20217.61	17554.65	14084.49	10992.94	9636.22	142293.04
10	광주	북동	30˚	16919.85	24924.58	32569.05	40040.92	47415.52	40946.34	37620.65	36379.64	33943.14	26720.33	18252.67	14054.88	270130.99
10	광주	북동	45˚	13328.56	19961.61	26139.40	33607.68	41021.16	36534.75	33679.75	32064.78	28047.22	20988.74	14124.87	11219.35	227041.32
10	광주	북동	60˚	11756.94	17101.31	21409.93	27765.29	34176.13	31238.60	29167.19	27663.29	23381.12	17318.21	12165.67	10200.55	192427.59
10	광주	북동	90˚	10787.41	14642.56	16252.98	20022.99	23857.09	22257.47	21571.82	20746.62	17754.27	14044.51	10888.24	9543.84	147806.71
10	광주	북	30˚	9811.85	15177.47	27147.70	36416.52	45362.78	40311.71	37372.98	34535.59	30263.21	20248.29	11887.81	8740.72	232107.92
10	광주	북	45˚	8788.12	8103.59	16302.70	27314.80	37587.45	35380.63	32955.80	28665.20	20939.33	10709.27	9146.78	8649.24	179129.72
10	광주	북	60˚	9228.08	8803.37	10760.87	17069.46	28002.56	28766.90	26989.99	21522.41	12858.05	9999.07	9505.19	8922.01	140895.77
10	광주	북	90˚	9792.94	10194.28	11410.34	12274.30	14741.34	16553.14	16801.07	14448.59	12311.98	10752.18	9907.48	9120.57	108382.19
11	부산	수평	0˚	33999.50	36406.38	46246.58	50681.32	50477.51	51516.73	50417.47	49652.50	44711.86	39996.22	33413.58	29890.67	378004.26
11	부산	남	30˚	56470.58	52113.79	57139.43	54646.97	49346.14	49255.91	48916.88	51515.22	51727.26	53065.32	52120.63	50272.86	457445.49
11	부산	남	45˚	63109.03	55738.01	57887.32	52146.23	44946.67	44282.37	44435.59	48371.95	51054.95	55339.13	57254.50	56435.05	460537.74
11	부산	남	60˚	66004.79	56145.81	55361.69	46831.30	38373.38	37128.08	37793.48	42730.14	47601.64	54498.60	59040.69	59285.70	438374.77
11	부산	남	90˚	60047.45	47422.08	41389.70	29360.38	21100.53	19389.64	20708.98	25819.06	33450.98	43912.00	52319.53	54514.21	327736.41
11	부산	남동	30˚	48657.79	46589.62	52635.31	53253.09	49407.09	49313.21	49278.00	50679.49	47975.42	47576.09	45578.36	43471.63	426743.49
11	부산	남동	45˚	52110.76	48130.14	51874.94	50725.21	45870.50	44910.24	45503.89	47572.60	46380.38	47840.87	48069.68	46817.50	420372.77
11	부산	남동	60˚	52803.42	47302.25	48964.50	46134.24	40715.19	38947.81	40157.52	42691.74	42903.85	45682.75	47842.29	47588.21	395424.29
11	부산	남동	90˚	45324.01	38603.03	36835.72	32349.88	27626.35	25106.92	26789.15	29341.46	31372.51	35625.76	40271.63	41524.66	299735.83
11	부산	남서	30˚	49477.23	47212.83	53548.54	51917.95	48765.11	48869.64	48150.95	49617.51	50098.42	49398.38	46282.84	43606.36	428556.27
11	부산	남서	45˚	53229.09	48937.50	53094.91	48862.78	44905.66	44284.92	43968.43	46122.86	49144.63	50468.31	49197.62	47142.13	422923.73
11	부산	남서	60˚	54130.50	48243.26	50340.53	43931.54	39530.02	38223.92	38406.51	41048.56	45926.67	48858.14	49313.79	48065.49	398507.06
11	부산	남서	90˚	46808.07	39610.87	38245.52	30363.03	26668.04	24683.28	25470.17	28028.26	34290.16	38799.44	41751.66	41869.59	303943.45
11	부산	동	30˚	32218.55	34682.41	43112.88	48063.79	47859.85	48424.97	48207.35	47299.58	40907.95	36950.04	31640.32	28589.74	356486.31
11	부산	동	45˚	30724.93	33017.19	40151.28	44410.43	44349.35	44118.97	44545.82	43572.25	37819.17	34381.58	30085.06	27725.95	332315.42
11	부산	동	60˚	29054.70	30963.19	36564.13	39879.73	39945.52	38856.76	39839.50	38942.20	34182.38	31358.30	28089.70	26793.19	302751.59
11	부산	동	90˚	23968.14	25149.76	27985.04	29442.00	29711.54	27546.30	28925.45	28483.00	26063.76	24694.58	22855.39	22459.11	231706.79
11	부산	서	30˚	33123.90	35560.41	44198.35	46156.85	46768.55	47757.70	46620.05	45783.72	43714.88	39417.65	32716.78	29125.31	358613.79
11	부산	서	45˚	31921.17	34154.24	41505.66	42048.02	42877.73	43218.10	42428.05	41644.98	41249.10	37528.38	31379.88	28234.36	334644.53
11	부산	서	60˚	30347.75	32112.74	38069.94	37364.48	38362.83	37861.93	37513.17	36901.96	37924.41	34810.96	29314.86	26751.88	304767.37
11	부산	서	90˚	25095.48	25967.31	29409.48	27344.95	28517.44	26847.66	27292.39	26851.33	29393.58	27311.38	23977.50	22654.01	234121.73
11	부산	북서	30˚	16848.75	22792.22	33170.40	39712.07	43813.17	46183.12	44586.14	41658.75	35196.58	27890.45	18589.41	14779.19	281610.47
11	부산	북서	45˚	12294.30	17888.77	26606.17	32493.30	37715.51	40055.16	38586.86	35173.02	29365.56	22485.68	13979.07	11252.72	232445.29
11	부산	북서	60˚	10574.61	15046.52	21833.95	26241.83	31508.52	33109.58	32155.53	28969.40	24619.37	18685.49	11854.88	9558.57	193150.57
11	부산	북서	90˚	10328.80	12802.01	16734.10	18733.38	22417.34	22266.54	22461.10	20375.49	18504.89	14768.20	10841.45	9133.63	145718.92
11	부산	북동	30˚	16387.61	22241.60	32442.71	41110.27	44619.79	46669.49	45739.73	42763.49	33178.84	26165.52	17924.83	14650.42	280682.77
11	부산	북동	45˚	11918.99	17352.26	25782.47	34213.48	38808.80	40747.20	40189.06	36647.03	27058.11	20595.04	13439.03	11068.69	232437.85
11	부산	북동	60˚	10320.99	14716.62	21064.25	27887.10	32719.90	33858.24	33933.56	30509.90	22316.13	17306.88	11477.48	9659.08	194380.46
11	부산	북동	90˚	10215.81	12653.65	16129.45	19712.21	23147.74	22830.92	23451.62	21369.83	16713.55	14241.17	10735.63	9202.85	146510.01
11	부산	북	30˚	7929.71	15262.87	27291.42	37478.90	43145.98	45915.15	44425.78	40466.07	30197.79	21043.14	10605.49	7246.15	242190.63
11	부산	북	45˚	6887.72	8536.63	15848.45	27836.33	35999.22	39408.41	37905.17	32705.49	20607.08	12021.65	7886.12	7148.31	185163.85
11	부산	북	60˚	7719.85	9084.29	10439.28	17005.22	27131.03	30968.28	29576.04	23493.51	12343.43	11385.19	8487.39	7595.02	142944.66
11	부산	북	90˚	9426.66	10116.37	11537.28	12200.80	14927.96	16071.37	16221.26	14770.94	11923.81	11798.16	9580.64	8511.58	107509.58
12	목포	수평	0˚	28572.51	36227.71	40670.20	47499.55	51916.00	42106.96	44450.39	45431.61	42911.88	39110.85	32360.76	24485.15	347387.72
12	목포	남	30˚	44764.06	49631.40	48886.26	50917.03	50821.19	40673.81	43710.59	47029.60	49012.15	52169.57	49275.17	38170.04	412274.76
12	목포	남	45˚	49310.79	52371.31	49117.85	48553.64	46307.00	37026.12	40029.18	44165.99	48197.32	54473.83	53779.72	42041.28	412366.18
12	목포	남	60˚	51020.96	52158.13	46683.91	43630.34	39463.60	31684.60	34472.42	39106.92	44824.70	53685.29	55176.23	43531.87	390403.62
12	목포	남	90˚	45666.69	43130.85	34658.95	27571.80	21381.29	18246.43	19813.34	23870.34	31445.26	43251.88	48482.74	39133.94	288986.88
12	목포	남동	30˚	40261.37	44971.81	46330.94	49155.73	50400.03	40550.63	44547.58	47022.44	46721.86	47929.13	43302.54	33565.52	390309.61
12	목포	남동	45˚	43074.34	46038.35	45820.67	46592.79	46368.84	37236.59	41613.42	44600.70	45277.53	48700.54	45382.22	35540.61	384024.97
12	목포	남동	60˚	43512.71	44676.85	43144.52	42208.06	40861.43	32709.87	37062.00	40406.35	42015.06	47160.79	45081.89	35686.99	360822.64
12	목포	남동	90˚	37363.38	35660.59	32548.75	29707.03	27510.39	22259.64	25297.54	28607.00	30709.63	37530.20	37557.07	30309.50	273592.02
12	목포	남서	30˚	38922.66	44990.41	45477.42	49568.57	50612.47	41077.63	42739.37	45324.61	46523.15	47503.06	44098.08	34154.00	387467.90
12	목포	남서	45˚	41092.83	45987.80	44633.39	47201.62	46719.57	38075.54	39375.78	42489.81	45010.85	48164.99	46578.02	36376.23	380593.67
12	목포	남서	60˚	41026.62	44573.68	41811.90	42987.34	41350.90	33749.24	34679.92	38186.41	41712.03	46525.30	46552.37	36684.98	357272.15
12	목포	남서	90˚	34743.43	35564.20	31225.41	30287.48	27925.30	22897.43	23442.41	26754.61	30442.56	36805.32	39103.13	31403.55	270216.41
12	목포	동	30˚	29039.95	34482.38	39366.14	44371.17	48439.02	40050.82	43913.91	44319.40	40779.75	37797.50	30727.69	23921.10	333938.33
12	목포	동	45˚	28258.75	32450.93	36986.78	40895.68	44432.40	36902.96	41104.83	41583.29	38008.15	35959.82	29242.90	22831.01	313103.52
12	목포	동	60˚	26747.56	29927.81	33824.72	36752.83	39721.77	32979.82	37140.98	37916.68	34458.86	33438.93	27309.08	21353.28	286018.99
12	목포	동	90˚	22151.70	23511.90	25847.99	27515.74	29528.38	24464.15	27621.55	28683.80	25942.71	26602.34	21893.82	17049.31	219716.71
12	목포	서	30˚	27237.24	34603.23	38199.58	44988.60	48750.26	40754.74	41395.94	42178.74	40493.70	37250.81	31788.07	24574.07	330163.91
12	목포	서	45˚	26088.14	32608.54	35570.10	41728.47	44915.91	37945.08	37945.41	38864.47	37628.08	35275.07	30470.97	23603.30	308552.44
12	목포	서	60˚	24596.12	29957.00	32270.60	37596.58	40286.45	34133.13	33807.41	34975.74	34043.33	32740.03	28628.22	22226.45	281251.69
12	목포	서	90˚	20079.75	23400.71	24604.77	27985.60	29749.44	24973.07	24793.11	26336.85	25535.25	25878.40	23225.40	17881.56	214940.16
12	목포	북서	30˚	16248.89	23456.58	30223.09	38864.46	45443.16	39490.57	39832.81	38313.97	33429.16	26038.59	18991.40	15022.91	266997.06
12	목포	북서	45˚	12971.30	18394.82	24798.25	32725.49	39253.83	35466.18	34862.41	32805.84	27736.92	20688.30	14750.14	12333.09	224268.50
12	목포	북서	60˚	11579.53	15344.14	20666.67	27027.98	32851.09	30519.25	29410.38	27586.19	23012.53	17251.94	12710.12	11204.14	189474.74
12	목포	북서	90˚	10619.38	12541.87	15849.63	19427.69	22996.67	21505.14	20897.89	20161.60	17088.92	14037.23	11228.69	10086.12	143586.95
12	목포	북동	30˚	17173.65	23387.91	31030.26	38396.55	45266.76	39103.89	41800.00	39971.98	33644.41	26311.67	18404.95	14747.29	269920.93
12	목포	북동	45˚	13758.40	18336.17	25627.02	32077.04	38974.76	34857.10	37491.64	34887.65	28034.30	21017.95	14163.02	12090.41	227679.34
12	목포	북동	60˚	12133.58	15296.89	21400.74	26444.37	32524.30	29815.45	32245.57	29732.81	23356.96	17611.41	12165.57	11005.96	192913.65
12	목포	북동	90˚	10929.24	12602.72	16284.47	19343.66	23098.97	21423.20	23042.78	21628.30	17398.08	14336.14	10891.50	10003.20	146966.04
12	목포	북	30˚	10474.34	17297.16	26518.24	35906.38	44216.77	39020.88	40232.61	37415.56	30156.05	19853.11	11734.60	10117.59	236220.78
12	목포	북	45˚	9321.20	10166.79	17595.71	27252.68	36753.21	34502.58	34966.76	30491.17	21517.43	10654.39	8942.61	9915.24	184602.17
12	목포	북	60˚	9658.00	10326.78	12514.16	17441.74	27506.45	28367.59	28028.60	22210.20	13748.52	9985.72	9355.57	10042.31	145796.67
12	목포	북	90˚	9917.31	10547.23	12286.04	12564.75	14776.87	16670.48	16419.73	14273.69	12590.12	10751.72	9917.32	9701.52	109908.87
13	서산	수평	0˚	28763.25	36513.00	39220.06	46423.16	49440.76	44979.10	40900.15	44026.76	41354.86	35332.35	27202.52	25674.91	335646.21
13	서산	남	30˚	47153.43	52617.65	48336.88	50500.53	49186.24	43412.32	41205.74	46134.00	48386.72	47311.87	41635.20	43233.05	407777.64
13	서산	남	45˚	52579.14	56430.51	49016.16	48512.77	45279.50	39384.11	38262.13	43603.06	48063.00	49540.64	45555.24	48582.23	411798.16
13	서산	남	60˚	54937.65	57002.88	46987.16	43978.88	39180.90	33532.81	33515.43	38926.99	45156.40	49000.12	46868.41	51102.79	393728.58
13	서산	남	90˚	50030.12	48493.67	35536.71	28590.67	22486.13	18758.97	20272.72	24457.64	32509.31	39944.73	41499.94	47175.46	298454.37
13	서산	남동	30˚	41635.96	47383.49	44384.45	49227.64	48785.28	42860.14	41210.84	46520.53	45945.72	43372.51	36491.88	37308.32	383094.09
13	서산	남동	45˚	44958.92	49357.18	43790.94	47135.50	45354.42	39200.23	38620.56	44556.35	44923.41	44129.41	38324.83	40262.47	379713.24
13	서산	남동	60˚	45746.15	48636.67	41195.37	43136.88	40371.30	34342.58	34549.44	40748.68	42045.18	42766.37	38173.88	41067.34	359341.60
13	서산	남동	90˚	39813.87	40017.04	31075.94	30775.02	27462.42	23027.55	23971.27	29241.85	31245.92	34053.13	31991.05	35859.15	275939.27
13	서산	남서	30˚	40882.86	46928.09	46048.95	48245.21	48590.44	44048.99	40630.00	43834.97	45739.45	43193.72	37643.74	37866.37	382002.60
13	서산	남서	45˚	43728.22	48546.02	46078.36	45904.28	45108.85	40844.26	37899.60	41069.16	44622.55	43950.58	40036.26	41023.55	378386.79
13	서산	남서	60˚	44189.18	47604.27	43931.66	41786.72	40153.94	36170.17	33783.63	36911.10	41699.26	42570.45	40251.43	41968.82	358054.05
13	서산	남서	90˚	38170.37	38893.59	33856.98	29481.13	27354.22	24243.46	23209.02	25865.23	30821.76	33846.13	34301.76	36848.20	274754.83
13	서산	동	30˚	29024.63	35391.11	36656.93	44400.31	46649.91	41908.80	40050.20	43924.08	39656.29	34153.42	26110.08	25040.82	323369.17
13	서산	동	45˚	28338.00	33758.65	34155.85	41317.80	43042.11	38376.23	37350.13	41578.36	37150.22	32401.39	24962.92	24173.95	304120.58
13	서산	동	60˚	26832.78	31493.45	31206.04	37380.09	38561.70	34167.80	33757.93	38159.45	33861.54	30024.83	23459.81	22835.98	278655.22
13	서산	동	90˚	22271.54	25514.35	24158.30	28021.34	28556.04	25151.48	25116.44	28879.40	25643.20	23652.80	19032.20	18799.48	215143.26
13	서산	서	30˚	27705.33	34726.21	38833.80	43082.42	46378.17	43506.48	39188.48	40366.97	39378.33	33959.58	27655.69	25532.65	321406.46
13	서산	서	45˚	26667.06	32991.14	36912.82	39629.15	42735.75	40481.76	36254.13	37003.95	36809.91	32139.63	26885.31	24769.10	301653.40
13	서산	서	60˚	25358.79	30709.55	34077.05	35532.80	38287.11	36405.38	32472.62	33152.78	33471.96	29768.33	25448.64	23542.36	276049.47
13	서산	서	90˚	21120.34	24642.97	26532.06	26432.55	28276.04	26651.74	24030.23	25021.09	25293.21	23361.82	20864.44	19581.61	212949.12
13	서산	북서	30˚	15234.03	22038.60	29946.22	36999.47	43020.89	41630.53	37323.02	36718.77	31989.46	23957.28	17027.77	13421.29	255234.34
13	서산	북서	45˚	12037.79	17134.75	24852.33	30749.71	37120.20	37016.86	32987.35	31251.33	26602.05	19287.18	13819.53	10626.79	214523.27
13	서산	북서	60˚	10951.17	14459.43	20956.57	25309.88	31122.81	31574.21	28063.23	26253.89	22217.56	16345.59	12253.44	9619.05	182116.76
13	서산	북서	90˚	10374.76	12430.54	16186.98	18485.10	22115.54	22197.47	20297.04	19617.29	16960.03	13337.88	10886.34	9150.93	140337.99
13	서산	북동	30˚	15972.80	22429.59	28454.41	37982.99	43219.70	40533.40	38040.87	39377.72	32170.40	24028.22	16210.26	13265.06	256993.49
13	서산	북동	45˚	12478.86	17490.75	23215.51	31995.18	37396.57	35476.39	33941.91	34685.69	26779.89	19382.30	13140.88	10426.44	216692.57
13	서산	북동	60˚	10999.47	14775.14	19615.83	26590.81	31379.38	29921.97	29165.31	29790.22	22395.59	16466.76	11774.02	9434.93	184478.04
13	서산	북동	90˚	10362.40	12539.32	15611.02	19438.10	22403.32	21291.70	21070.92	21697.15	17030.83	13542.39	10605.87	9038.37	142262.12
13	서산	북	30˚	8902.25	14960.87	24912.13	34707.33	41904.61	40640.43	37009.72	36376.21	28533.41	18453.89	10935.23	7659.09	223083.63
13	서산	북	45˚	8495.89	9159.36	15989.28	26123.64	34814.66	35265.83	32222.55	29739.87	19978.11	11050.71	9448.21	7972.15	175914.57
13	서산	북	60˚	8949.99	9615.95	11948.33	16579.24	26106.62	28195.93	25934.20	21792.44	13176.03	10865.53	9741.52	8277.79	139923.60
13	서산	북	90˚	9554.42	10351.92	12106.79	12798.89	15204.51	16084.81	16162.78	14704.77	12655.99	10939.92	9821.14	8632.29	108891.56
14	진주	수평	0˚	34444.33	39352.48	47695.07	51149.56	50178.09	45668.20	46060.89	44079.41	45541.41	41425.78	34342.03	32398.10	374103.30
14	진주	남	30˚	57558.95	57379.59	58242.64	55089.86	49233.25	43817.31	45202.24	45603.00	53135.68	55504.16	53709.18	56186.71	460143.58
14	진주	남	45˚	64420.97	61675.41	58734.33	52590.39	45008.56	39616.88	41394.05	42860.29	52628.52	58027.96	59022.95	63494.74	466436.18
14	진주	남	60˚	67452.89	62360.36	55920.42	47257.04	38578.87	33544.10	35614.33	37967.55	49230.58	57240.87	60870.16	67006.27	447032.72
14	진주	남	90˚	61475.07	52960.19	41350.63	29688.42	21409.88	18456.25	20375.59	23252.32	34866.25	46170.56	53906.19	61957.67	339507.40
14	진주	남동	30˚	49242.17	51521.59	53978.88	53554.88	49097.81	43313.35	45759.44	46043.93	49745.33	49537.43	46522.08	47617.92	427590.69
14	진주	남동	45˚	52801.40	53708.16	53097.11	50837.99	45277.23	39511.27	42611.15	43764.51	48321.90	49842.52	48948.56	51383.95	423228.81
14	진주	남동	60˚	53543.40	53118.47	49930.72	46207.23	39722.10	34466.11	37762.57	39785.16	44886.91	47656.18	48649.19	52397.27	399799.66
14	진주	남동	90˚	46065.12	43928.37	37355.13	32584.95	26127.24	22893.56	25608.19	28255.69	32919.45	37030.27	40775.11	45694.56	305649.81
14	진주	남서	30˚	50634.43	51100.15	54430.08	52733.33	48492.73	44456.85	44297.59	43508.73	50763.23	51525.53	47996.13	49090.43	429855.73
14	진주	남서	45˚	54635.25	52975.52	53695.35	49893.40	44507.33	40951.82	40687.39	40484.54	49673.97	52667.02	51149.87	53542.11	426724.19
14	진주	남서	60˚	55682.48	52153.53	50625.15	45275.49	38928.83	35978.15	35811.74	36262.42	46416.58	51021.49	51396.06	54986.29	404523.78
14	진주	남서	90˚	48520.03	42750.78	38091.83	31806.61	25569.72	24048.29	24130.05	25317.87	34542.75	40386.28	43655.75	48373.33	311536.48
14	진주	동	30˚	32661.36	38100.39	44487.15	48091.87	47306.29	42499.56	44840.12	43632.29	42537.51	37952.96	32007.69	30397.00	353772.05
14	진주	동	45˚	31349.02	36632.30	41380.41	44400.56	43225.75	38808.29	41660.35	41026.83	39509.62	35168.09	30284.95	29096.85	330382.39
14	진주	동	60˚	29716.27	34617.47	37628.57	40038.49	38205.16	34379.74	37359.11	37455.10	35798.25	31966.15	28147.10	27646.96	301427.85
14	진주	동	90˚	24827.36	28226.37	28669.14	30177.90	27504.05	24957.93	27522.67	28360.41	27349.39	24775.46	22710.22	22968.50	232071.77
14	진주	서	30˚	34002.20	37541.19	45012.81	46995.12	46358.31	44119.09	42839.82	40203.21	43859.58	40463.90	33859.53	32116.57	355849.30
14	진주	서	45˚	33116.94	35797.22	42050.44	43227.34	42092.47	40859.11	39175.17	36780.16	41196.99	38279.09	32543.29	31226.40	333155.17
14	진주	서	60˚	31828.95	33521.51	38374.30	38782.18	37043.66	36575.97	34810.06	32974.80	37708.31	35348.37	30499.73	29757.38	304556.43
14	진주	서	90˚	26745.28	27395.67	29414.49	28605.18	26293.05	26754.42	25448.23	24594.31	28877.25	27652.32	25069.21	25028.36	234881.23
14	진주	북서	30˚	17187.83	23138.33	34049.47	40054.62	43525.43	42577.29	41081.35	36735.50	35262.94	27844.97	18816.95	14992.13	274251.46
14	진주	북서	45˚	12719.24	17655.13	27219.32	32947.57	37332.07	37942.28	35814.67	31207.93	29222.86	21798.06	13981.88	10728.09	225565.97
14	진주	북서	60˚	10942.85	14872.25	22216.29	26756.45	30745.72	32332.99	30133.76	26147.02	24303.26	17875.69	11805.64	9149.71	188061.96
14	진주	북서	90˚	10545.71	12955.98	16771.06	18924.21	20771.10	22643.75	21278.41	19105.91	18161.77	14228.93	10819.50	9327.16	142850.90
14	진주	북동	30˚	16585.78	23540.95	33696.81	40952.58	44322.98	41326.64	42543.91	39339.26	34347.81	26166.59	17855.60	14290.72	274054.86
14	진주	북동	45˚	12162.05	18092.18	26783.61	33958.56	38332.76	36243.77	37826.68	34509.06	28160.95	20128.10	13070.87	10161.62	226239.02
14	진주	북동	60˚	10475.01	15015.51	21782.37	27915.23	31787.61	30461.92	32201.42	29491.03	23301.49	16515.95	11031.62	8849.54	189262.39
14	진주	북동	90˚	10285.09	12953.50	16453.68	20370.02	21926.19	21257.86	22733.97	21494.16	17624.35	13516.45	10367.43	9105.13	144773.82
14	진주	북	30˚	7850.58	14939.08	28397.03	37343.37	42869.52	41590.76	41144.69	36429.36	30736.91	20506.18	10258.58	6053.59	232727.08
14	진주	북	45˚	6784.42	7536.41	16721.86	27412.11	35832.19	36278.38	35488.91	29774.36	20946.39	10771.75	7263.66	6072.98	176469.02
14	진주	북	60˚	7607.84	8325.20	10517.02	16344.47	27130.24	29218.33	28168.70	21797.07	12637.24	10204.21	7902.92	6830.43	136706.77
14	진주	북	90˚	9327.86	9990.24	11495.01	11941.93	15046.15	16306.48	16326.79	14078.67	12467.87	11047.74	9191.77	8496.91	106496.67
15	포항	수평	0˚	33931.08	38157.09	44176.23	45896.24	51281.23	45389.53	44796.50	44234.96	37966.23	36022.28	31045.63	29601.10	352384.13
15	포항	남	30˚	57905.74	56053.88	54958.41	49769.30	50219.74	43446.30	43886.63	46110.82	43628.85	48180.78	49068.54	51993.65	434347.86
15	포항	남	45˚	65162.56	60390.63	55888.44	47732.07	45780.97	39315.97	40151.56	43473.43	43070.21	50426.19	54123.79	58971.82	440968.87
15	포항	남	60˚	68529.20	61185.13	53690.31	43206.51	39156.89	33440.80	34523.85	38656.77	40253.31	49851.08	56018.26	62434.79	423669.11
15	포항	남	90˚	62954.90	52175.92	40711.74	27969.28	21589.09	18764.29	19796.39	23891.56	28758.83	40585.64	50032.61	58126.81	324576.39
15	포항	남동	30˚	50008.96	50242.37	50830.87	47342.19	49818.69	43196.62	43369.96	44310.04	41229.96	44254.95	43047.43	44361.34	402884.93
15	포항	남동	45˚	54045.36	52367.79	50376.41	44965.68	46074.83	39757.72	40022.53	41540.26	40075.29	45118.36	45715.81	48178.10	400026.35
15	포항	남동	60˚	55184.16	51841.36	47809.69	40903.90	40693.21	35041.87	35403.53	37351.04	37196.87	43619.30	45797.54	49292.53	379433.29
15	포항	남동	90˚	48059.62	42793.68	36402.03	29025.05	27130.36	23591.76	24135.24	26166.73	27285.83	34726.01	39134.01	43430.60	293061.37
15	포항	남서	30˚	50035.99	49901.82	51357.76	49055.99	49930.73	44735.42	44250.87	46341.05	41980.09	43790.56	43342.68	45082.65	408603.70
15	포항	남서	45˚	54063.62	51819.11	51083.97	47221.49	46057.58	41567.58	41174.91	44249.14	41042.79	44520.58	46278.38	49338.19	407504.88
15	포항	남서	60˚	55226.07	51226.01	48605.97	43387.10	40503.17	36957.80	36692.47	40395.20	38286.80	42886.54	46587.96	50767.08	387798.94
15	포항	남서	90˚	48112.67	42140.70	37259.14	31255.12	27043.12	25484.26	25096.84	28804.42	28542.38	33834.05	39947.71	44927.18	300821.36
15	포항	동	30˚	32719.69	36684.50	41759.32	42428.46	47896.32	42463.95	42145.40	40943.57	35986.85	34887.90	30033.49	28092.92	333032.34
15	포항	동	45˚	31563.09	35052.60	39168.85	39106.26	44026.58	39200.64	38822.09	37620.41	33494.92	33045.19	29013.05	27085.38	311932.76
15	포항	동	60˚	30105.79	32999.02	35898.48	35214.04	39256.28	35106.31	34813.80	33803.82	30299.48	30493.17	27478.91	25946.33	285762.77
15	포항	동	90˚	25217.73	26943.09	27694.66	26707.09	28664.56	25869.28	25820.43	25627.73	23038.77	24022.74	22923.77	21973.82	222245.91
15	포항	서	30˚	32790.58	36460.84	42378.79	44662.47	47886.26	45294.97	43388.28	43696.45	37001.27	34278.40	30714.97	29418.66	341761.78
15	포항	서	45˚	31672.34	34812.47	39919.97	41969.05	43863.48	42812.18	40461.91	41233.19	34855.64	32221.51	29848.43	28705.19	323033.12
15	포항	서	60˚	30231.80	32608.03	36719.87	38242.21	39115.59	39233.82	36554.92	37732.78	31920.53	29604.99	28259.98	27272.13	297525.97
15	포항	서	90˚	25255.20	26315.44	28526.06	28970.95	28637.31	30256.96	27156.86	28553.35	24318.18	23243.56	23474.95	22973.83	231892.68
15	포항	북서	30˚	15861.02	22186.90	31869.94	38292.63	44642.76	43792.22	41260.77	39060.89	30771.71	24178.87	17387.58	13681.66	265338.98
15	포항	북서	45˚	11432.11	16729.82	25802.73	32648.10	38410.24	39837.54	36640.53	34201.48	26173.73	19311.14	13334.61	9887.50	222588.28
15	포항	북서	60˚	9910.71	13834.97	21448.58	27357.46	31924.99	34938.74	31389.63	29207.21	22201.45	16292.31	11500.58	8642.31	189134.74
15	포항	북서	90˚	10023.64	12130.87	16719.81	20027.89	22393.24	26174.13	22485.58	21267.93	16784.71	13304.33	10577.13	8992.69	146817.22
15	포항	북동	30˚	15812.20	22218.37	31469.80	36683.73	44621.15	41066.61	40328.50	37019.71	30073.78	24503.32	16912.86	13080.00	258626.38
15	포항	북동	45˚	11405.84	16821.71	25396.07	30661.62	38412.88	36237.03	35361.04	31527.00	25253.09	19637.84	13041.74	9619.78	214535.68
15	포항	북동	60˚	9927.84	14025.74	21055.95	25488.99	31984.44	30777.98	29981.87	26479.89	21274.22	16554.17	11424.58	8707.09	181130.94
15	포항	북동	90˚	10022.64	12364.07	16401.14	19056.38	22344.54	21881.80	21557.18	19768.17	16231.90	13514.30	10612.50	9074.41	140947.81
15	포항	북	30˚	6744.48	13916.46	26297.45	34760.85	43487.11	42082.39	40183.12	36254.45	27495.51	18785.84	9658.61	5671.40	223433.31
15	포항	북	45˚	6228.38	6961.89	15585.81	26452.28	36091.43	37108.03	34722.70	29408.84	20252.85	11142.21	7559.68	6108.03	174096.65
15	포항	북	60˚	7151.89	7752.30	11318.20	17082.90	26985.02	30321.60	27609.96	21241.04	13865.63	10940.01	8107.22	6858.92	138567.39
15	포항	북	90˚	9125.37	9442.16	12045.48	12981.53	14917.05	18008.36	16126.98	14037.99	12628.60	11069.99	9098.98	8424.28	108097.58
16	제주	수평	0˚	25328.12	35948.44	43493.41	46562.58	54632.07	45997.23	49481.51	47381.86	46500.69	36944.86	29284.95	24742.83	355177.54
16	제주	남	30˚	37420.85	49368.91	52290.31	49316.54	52830.27	43709.02	47495.59	48085.09	52785.48	48168.27	42760.24	38386.26	410506.65
16	제주	남	45˚	40539.79	52146.88	52476.92	46838.00	47797.07	39313.41	42837.86	44691.92	51659.62	49910.43	46131.35	42196.29	405896.22
16	제주	남	60˚	41376.69	51988.51	49773.31	41903.86	40334.97	33058.52	36156.90	39090.06	47724.86	48853.71	46897.84	43603.66	379634.38
16	제주	남	90˚	36135.67	43105.31	36620.96	26161.45	21082.77	17810.90	19418.80	23017.33	32629.26	38817.51	40589.08	38997.03	272627.08
16	제주	남동	30˚	33947.63	44891.50	49661.12	48820.66	54122.39	44546.03	48834.32	48356.62	50832.39	46634.85	38738.08	34157.23	396773.18
16	제주	남동	45˚	35709.59	45968.15	49142.33	46552.50	50008.73	40825.10	45201.35	45630.56	49239.17	47862.03	40497.75	36221.39	388886.37
16	제주	남동	60˚	35555.94	44599.88	46335.39	42397.69	43959.81	35633.91	39893.37	41049.68	45584.93	46625.99	40135.51	36389.07	363490.67
16	제주	남동	90˚	29765.73	35459.85	35192.84	30089.43	28853.38	23519.34	26875.70	28588.98	33018.64	37300.85	33390.13	30893.29	272039.90
16	제주	남서	30˚	33423.07	44784.00	49407.27	48538.25	50885.37	43233.78	46392.58	46607.17	49760.62	42139.05	38234.20	34154.49	384965.68
16	제주	남서	45˚	34923.76	45810.98	48724.05	46173.37	45844.79	39255.45	42333.41	43330.79	47737.62	41690.86	39815.90	36221.56	373375.76
16	제주	남서	60˚	34539.86	44399.51	45837.87	42163.30	39486.23	34062.59	36975.21	38605.05	43840.80	39408.46	39324.17	36409.63	346417.05
16	제주	남서	90˚	28640.40	35297.01	34508.67	30238.84	25434.46	22314.16	24534.72	26557.62	31400.43	29835.52	32403.38	30940.89	256632.99
16	제주	동	30˚	25612.82	34481.41	42422.00	45012.62	52975.02	44496.82	48535.61	46036.26	44657.10	38544.84	29294.94	24658.49	348279.84
16	제주	동	45˚	24701.66	32308.09	40202.48	42061.46	48972.05	41089.20	45274.14	43059.59	41651.11	37298.31	28339.58	23657.76	327768.31
16	제주	동	60˚	23143.24	29661.36	37181.24	38178.37	43694.80	36592.21	40843.42	39095.06	37675.86	34898.43	26637.94	22215.40	299430.45
16	제주	동	90˚	18536.05	23322.77	29165.84	28710.10	31569.50	26600.42	30523.41	29288.44	28226.55	27483.23	21231.76	17805.73	228279.37
16	제주	서	30˚	24868.44	34609.92	41863.80	44890.56	48428.89	42608.25	45212.91	43740.74	43149.97	32829.64	28468.32	24741.77	332516.71
16	제주	서	45˚	23733.71	32580.73	39299.52	42132.48	43205.81	38788.01	41245.08	40087.02	39708.00	30110.59	27119.16	23740.02	307890.35
16	제주	서	60˚	22124.81	29824.68	35934.62	38576.42	37555.58	34179.18	36601.00	35855.73	35637.46	27179.55	25426.45	22245.24	278209.66
16	제주	서	90˚	17672.71	22990.99	27661.20	29995.23	26493.44	24343.51	26664.12	26812.04	26506.22	20825.09	20690.39	17801.85	210519.65
16	제주	북서	30˚	16541.38	23885.79	33062.08	39474.33	46051.14	41724.72	43701.54	40115.29	35814.26	24219.00	18809.86	15429.47	276869.14
16	제주	북서	45˚	13665.98	18884.77	27247.98	34003.44	38728.20	36658.51	37931.53	34249.98	29300.13	19050.22	15459.45	12576.96	232281.50
16	제주	북서	60˚	12302.68	15751.41	22659.13	28953.47	31314.55	30724.16	31723.30	28586.13	24001.94	15927.10	13797.73	11474.25	195335.04
16	제주	북서	90˚	10911.22	12943.57	17335.55	22081.01	20979.88	20941.12	22068.31	20684.52	17672.06	13232.47	12077.85	10464.37	147157.12
16	제주	북동	30˚	16980.85	23700.51	33487.96	39391.24	49547.25	43291.60	46372.49	41820.94	36881.89	27924.75	19471.43	15364.78	288268.05
16	제주	북동	45˚	13969.84	18677.72	28022.24	33713.71	43390.75	38718.51	41425.14	36541.99	30650.40	23082.91	15859.50	12545.21	246229.45
16	제주	북동	60˚	12477.00	15789.01	23792.44	28216.56	36314.86	32981.27	35477.69	30981.74	25189.71	19355.90	13755.28	11495.13	209114.75
16	제주	북동	90˚	11006.84	13249.94	18747.81	20441.46	24739.61	22927.70	25184.99	22155.31	18486.76	15183.17	11856.71	10517.46	156863.23
16	제주	북	30˚	12230.40	18094.85	28529.33	36565.39	46771.53	42263.25	44499.57	39357.35	32801.00	20900.41	13745.25	10595.09	253375.11
16	제주	북	45˚	10436.23	11311.98	18961.45	28650.41	39027.83	37074.20	38419.44	32235.42	23373.72	12423.34	10789.83	10002.77	199681.95
16	제주	북	60˚	10646.45	11485.97	12637.50	19468.86	29390.48	30093.21	30446.61	23643.08	14133.20	11180.38	11073.42	10266.04	156940.66
16	제주	북	90˚	10334.71	11594.26	12851.58	13522.20	15024.03	16421.66	16478.92	14315.13	12646.25	11437.83	10990.34	10110.05	113740.13
17	안동	수평	0˚	31407.90	34462.73	45226.30	41790.19	52467.02	49180.49	44023.53	41038.46	42113.45	34566.44	26187.29	29304.50	344691.78
17	안동	남	30˚	52403.04	49098.02	55990.32	44969.52	52135.82	47124.48	43644.48	43846.95	49769.32	45754.24	38352.02	51507.39	419638.90
17	안동	남	45˚	58656.83	52479.47	56815.80	43112.48	47847.49	42504.44	40175.16	41886.40	49602.73	47748.29	41494.26	58445.12	424072.09
17	안동	남	60˚	61444.14	52866.74	54457.60	39082.48	41144.45	35858.24	34805.07	37816.55	46728.78	47104.43	42343.67	61908.45	405594.36
17	안동	남	90˚	56108.64	44759.06	41037.62	25635.46	22799.80	19211.30	20275.33	24574.09	33812.07	38255.23	37092.69	57720.73	307433.14
17	안동	남동	30˚	45821.10	44737.80	52295.54	43629.64	51278.21	47278.52	43444.34	43698.81	48305.16	42967.68	34452.35	44945.80	396494.99
17	안동	남동	45˚	49430.19	46501.68	51942.55	41721.28	47280.24	43312.51	40330.09	41968.20	47708.23	43928.58	36036.33	49165.63	393859.36
17	안동	남동	60˚	50327.93	45893.68	49383.13	38294.87	41599.06	37830.89	35815.98	38532.29	44815.90	42595.13	35702.22	50661.76	373457.11
17	안동	남동	90˚	43632.19	37807.25	37732.23	27805.18	27573.84	24653.37	24485.28	27849.49	33406.61	33914.71	29995.10	45108.59	287606.32
17	안동	남서	30˚	45313.04	43744.39	51842.35	43901.53	51439.72	46830.97	43432.48	42075.56	45714.98	40919.23	34366.98	43708.81	389518.65
17	안동	남서	45˚	48642.03	45021.13	51276.64	42108.85	47429.24	42661.03	40357.49	39776.02	44287.62	41253.89	36012.96	47538.80	384412.86
17	안동	남서	60˚	49387.93	44135.91	48592.65	38732.50	41623.81	37026.97	35823.42	36094.36	40943.19	39513.68	35739.65	48680.03	362406.40
17	안동	남서	90˚	42629.71	35892.43	36972.38	28248.55	27530.20	24151.38	24416.95	25810.46	29830.58	30862.89	29920.86	42678.79	276659.32
17	안동	동	30˚	30738.76	33874.16	43252.42	39772.83	48680.36	46363.46	42181.55	41036.88	41905.75	34487.33	25777.65	29268.63	334130.19
17	안동	동	45˚	29529.90	32507.31	40754.53	37248.64	44318.33	42477.72	39021.14	38774.59	39422.82	32828.88	24823.56	28496.25	314275.65
17	안동	동	60˚	27893.89	30557.23	37451.30	34069.49	39205.91	37621.73	35019.94	35513.10	35990.85	30410.39	23300.80	27400.37	288115.92
17	안동	동	90˚	23089.18	24693.27	28992.70	26306.44	28346.16	26972.11	26000.35	27178.53	27693.70	24034.34	18696.56	23038.27	222780.99
17	안동	서	30˚	30056.05	32718.81	42604.60	40084.61	48725.01	45761.43	42135.51	38746.28	38695.61	32083.16	25711.27	27886.11	325273.27
17	안동	서	45˚	28788.94	31099.76	39953.39	37698.97	44292.38	41634.18	38953.87	35870.60	35600.24	29929.29	24695.64	26806.01	303410.22
17	안동	서	60˚	27234.44	28970.96	36653.60	34537.90	39140.89	36706.47	34858.87	32422.25	31971.99	27288.72	23088.11	25231.98	276193.78
17	안동	서	90˚	22333.59	23125.84	28406.79	26405.26	28202.06	26417.67	25835.23	24567.09	23782.31	20998.10	18717.53	21284.89	211864.01
17	안동	북서	30˚	15451.61	21361.46	32133.01	34824.86	45018.67	43986.10	40006.21	35202.79	31543.36	23210.17	16836.85	13038.68	257754.03
17	안동	북서	45˚	11463.99	16807.22	25936.33	29963.22	38280.28	38219.88	35249.57	30403.09	25785.97	18617.22	13946.31	9705.18	215217.34
17	안동	북서	60˚	10089.51	14315.36	21543.96	25529.99	31354.74	31779.67	29863.56	25849.44	21293.82	15684.54	12413.98	8769.58	181660.05
17	안동	북서	90˚	10028.88	12303.20	16776.25	18943.80	21502.23	21878.38	21375.08	19364.20	16021.07	12717.41	10600.53	9192.80	139379.17
17	안동	북동	30˚	15727.48	21992.82	32582.15	34654.62	45059.59	44390.23	40101.30	36923.90	33834.42	24671.43	16916.97	13762.93	263601.08
17	안동	북동	45˚	11734.74	17461.93	26328.81	29756.12	38282.09	38790.89	35345.76	32629.38	28219.95	20168.24	13965.71	10178.98	221414.93
17	안동	북동	60˚	10297.64	14888.70	21779.65	25433.16	31433.64	32396.38	30032.20	28159.76	23673.23	17262.63	12351.84	9055.74	187708.35
17	안동	북동	90˚	10095.28	12604.95	16845.01	19247.41	21662.37	22160.48	21540.28	21018.31	17976.57	13959.46	10496.64	9247.18	143874.64
17	안동	북	30˚	7835.74	15016.71	26949.22	32335.06	43678.71	43639.67	39362.35	34458.20	29093.13	18914.16	11953.94	6121.90	226273.23
17	안동	북	45˚	7335.46	9342.73	15946.04	25173.45	35745.35	37376.35	33952.24	28530.26	20364.12	12024.20	10471.96	6664.94	177823.83
17	안동	북	60˚	8034.79	9735.53	11160.22	17099.33	26122.72	29302.72	26935.82	21344.68	13529.80	11616.21	10360.33	7343.22	140895.55
17	안동	북	90˚	9341.47	10258.44	11987.30	13004.76	14357.35	15841.30	16041.97	15185.52	13136.59	11313.95	9643.67	8686.20	108728.46
18	수원	수평	0˚	28252.52	34997.75	44461.93	44429.61	49249.38	44982.46	41472.63	41645.45	38664.08	35564.58	30013.33	26297.10	335948.95
18	수원	남	30˚	46308.20	49744.34	55313.58	48541.98	49199.25	43553.70	41267.45	44080.55	44916.48	47628.27	47530.53	45204.73	411076.44
18	수원	남	45˚	51633.20	53145.11	56239.53	46755.08	45385.70	39594.32	38071.79	41930.85	44559.41	49878.82	52475.44	51041.05	416380.80
18	수원	남	60˚	53945.60	53525.17	54011.24	42523.87	39374.11	33811.53	33131.63	37720.97	41862.58	49344.21	54366.88	53876.26	399340.20
18	수원	남	90˚	49118.29	45327.18	40909.46	27966.86	22766.01	19094.85	19735.70	24287.70	30294.58	40252.61	48690.59	49988.15	305024.70
18	수원	남동	30˚	40076.87	44608.76	51337.82	47172.29	48559.19	42827.83	42055.88	43364.09	42644.73	43439.19	41329.80	38858.52	384161.35
18	수원	남동	45˚	42952.03	46110.36	50996.20	45166.80	45084.56	39225.40	39594.71	41306.20	41642.79	44091.93	43737.79	42092.43	380974.40
18	수원	남동	60˚	43417.89	45140.48	48292.04	41364.69	40019.09	34419.50	35633.26	37644.84	38962.40	42609.04	43816.98	43022.23	360735.14
18	수원	남동	90˚	37279.98	36632.75	36644.79	29513.13	27152.05	23083.01	24969.60	26909.21	29079.19	33694.23	37124.28	37643.44	277027.13
18	수원	남서	30˚	40863.33	44828.10	51331.37	46319.63	48560.76	44216.40	40180.51	42904.90	42785.11	43572.06	42265.68	39349.25	384778.06
18	수원	남서	45˚	43940.14	46338.77	50926.01	44048.46	45096.33	41022.17	37214.12	40784.62	41824.48	44342.95	45204.35	42796.26	382045.99
18	수원	남서	60˚	44608.51	45445.83	48159.48	40103.23	40097.64	36348.80	33061.46	37091.08	39143.65	42862.14	45614.47	43856.58	362175.15
18	수원	남서	90˚	38701.61	36986.69	36475.63	28349.57	27196.46	24490.20	22864.22	26385.53	29244.94	33916.33	39066.26	38544.18	278802.23
18	수원	동	30˚	27036.92	33174.17	41997.86	42435.00	46232.29	41725.64	41366.93	40296.06	37118.49	33966.40	28322.07	25193.78	320537.04
18	수원	동	45˚	25802.18	31190.90	39223.02	39417.09	42446.75	38168.13	39032.43	37678.50	34850.13	31960.24	27004.15	24057.43	300065.92
18	수원	동	60˚	24018.01	28774.73	35755.34	35582.90	37884.28	33911.92	35642.45	34255.16	31864.85	29347.67	25381.82	22592.75	273895.26
18	수원	동	90˚	19783.54	22963.47	27306.79	26495.22	27839.55	24874.91	27031.79	25938.81	24370.32	22791.95	20667.68	18544.57	210757.63
18	수원	서	30˚	27817.83	33622.58	41889.42	41284.91	46198.89	43663.28	38671.64	39771.92	37309.21	34068.06	29762.93	25711.88	321121.46
18	수원	서	45˚	26801.43	31864.24	39004.93	37933.90	42450.33	40635.42	35597.97	36997.87	35076.40	32042.94	28692.51	24718.53	300681.11
18	수원	서	60˚	25409.26	29455.17	35492.88	33980.96	37894.90	36579.35	31939.21	33465.38	32137.56	29477.85	26923.06	23286.26	274543.46
18	수원	서	90˚	20845.96	23048.44	27288.79	25180.12	27734.45	26941.95	23908.30	25266.96	24581.03	22947.24	22131.18	19237.60	211067.84
18	수원	북서	30˚	14964.84	21698.93	31301.53	35563.36	42756.30	41729.48	37012.12	35719.09	30811.46	23899.40	16726.56	12594.50	251956.25
18	수원	북서	45˚	11518.27	16784.16	24865.02	29585.94	36809.19	37138.54	32399.03	30875.82	26066.72	19002.33	12871.83	9578.64	210152.27
18	수원	북서	60˚	10265.18	13978.11	20437.03	24395.57	30727.67	31724.11	27553.67	26194.62	22185.60	15982.17	11185.08	8655.00	177848.96
18	수원	북서	90˚	9759.18	11766.18	15915.56	17870.30	21660.60	22487.09	20124.92	19450.67	17008.17	13037.60	10239.83	8677.66	137400.64
18	수원	북동	30˚	14541.85	21294.53	31392.98	36395.24	42816.70	40265.88	39135.11	36141.38	30660.36	23813.29	15942.43	12405.23	252043.35
18	수원	북동	45˚	11205.20	16499.03	24978.17	30640.54	36869.96	35151.74	35239.85	31381.35	25892.33	18967.10	12207.39	9440.12	210942.41
18	수원	북동	60˚	9988.17	14007.46	20462.77	25477.33	30785.49	29575.69	30627.52	26737.99	22031.17	15961.32	10749.18	8537.94	179120.31
18	수원	북동	90˚	9677.48	11999.10	15771.86	18566.57	21853.64	20971.04	22436.83	19877.13	16875.93	13040.09	10112.10	8596.93	138734.79
18	수원	북	30˚	8242.31	14903.96	26024.50	33391.27	41535.73	40518.67	37432.67	34204.44	27634.73	18390.42	9385.97	6673.69	218228.32
18	수원	북	45˚	7970.31	9432.58	15075.48	25288.97	34413.03	35119.83	32527.11	27882.44	20107.05	11045.85	7980.70	7118.88	171264.82
18	수원	북	60˚	8435.60	9712.75	10884.35	16331.93	25713.42	28054.03	26101.43	20363.58	14134.67	10882.62	8452.01	7570.19	136550.97
18	수원	북	90˚	9134.79	10076.42	11611.90	12816.50	15105.02	16185.06	16007.78	14411.58	13012.87	10884.44	9206.73	8329.94	107251.76
19	대관	수평	0˚	32777.99	37405.33	43064.56	46496.82	49460.36	46834.08	44650.19	41910.66	41652.83	38710.62	31392.47	28931.43	352879.56
19	대관	남	30˚	57851.01	56406.13	53959.22	50941.66	49667.97	44980.57	44252.33	44950.01	49996.88	53389.11	50971.34	52767.13	445152.61
19	대관	남	45˚	65651.09	61288.17	55028.46	49083.14	45873.55	40645.63	40712.30	42978.62	50128.99	56399.23	56622.40	60400.13	455731.64
19	대관	남	60˚	69507.28	62573.55	53013.41	44651.85	39843.08	34461.56	35268.92	38832.71	47501.87	56181.08	58933.95	64412.58	441296.81
19	대관	남	90˚	64623.50	54255.03	40480.58	29276.64	22985.43	18822.90	20545.77	25206.91	34843.23	46338.40	53146.73	60747.41	343454.25
19	대관	남동	30˚	48741.45	50080.73	49662.47	48149.43	48720.54	44238.72	43933.44	43250.03	46898.80	49008.86	44149.58	45331.27	410242.72
19	대관	남동	45˚	52912.72	52642.81	49336.55	45806.10	45293.33	40396.64	40860.52	40986.67	46193.51	50422.65	47037.75	49887.73	409865.37
19	대관	남동	60˚	54176.31	52446.83	46955.48	41736.44	40283.12	35301.71	36351.60	37230.32	43467.17	49180.82	47257.13	51675.69	391028.11
19	대관	남동	90˚	47412.24	43979.45	36072.97	29592.13	27463.65	23458.97	24721.99	26498.55	32800.85	39679.86	40480.38	46449.26	305247.57
19	대관	남서	30˚	50647.04	50091.92	50633.73	50186.30	49337.15	45859.65	44052.81	44398.79	47364.27	47802.23	45122.95	44835.51	416195.85
19	대관	남서	45˚	55485.11	52472.15	50625.85	48462.59	46022.47	42443.14	40990.18	42509.28	46810.07	48911.32	48533.72	49321.03	417756.68
19	대관	남서	60˚	57241.33	52254.04	48450.57	44720.16	41027.43	37511.75	36460.83	38934.34	44097.21	47425.93	49156.21	50966.94	399921.64
19	대관	남서	90˚	50800.00	43670.41	37612.04	32436.43	27971.95	25197.64	24830.90	27936.13	33382.43	37869.06	42439.58	45438.80	313264.30
19	대관	동	30˚	30972.61	36126.13	40608.04	42706.41	46170.67	43041.97	42492.92	39623.55	39669.41	37884.50	29861.92	28607.52	334249.85
19	대관	동	45˚	29788.51	34855.18	38179.93	39262.45	42421.92	39269.11	39323.39	36614.31	37242.32	36095.42	28590.58	27922.16	313622.25
19	대관	동	60˚	28180.47	33065.62	35171.96	35276.08	37963.10	34897.16	35254.01	33020.27	34135.51	33525.25	26878.92	26880.09	287791.61
19	대관	동	90˚	23581.80	27295.88	27604.22	26581.08	28115.89	25691.46	26023.64	24878.72	26564.43	26778.75	21978.49	22928.64	224784.24
19	대관	서	30˚	32783.22	36028.41	41905.82	45367.18	46911.68	45349.58	42618.92	41229.96	40410.14	36412.37	31147.17	28094.57	341896.09
19	대관	서	45˚	32000.68	34662.00	39870.91	42672.72	43345.74	42193.06	39440.37	38731.11	38190.96	34263.02	30073.93	27318.97	323245.22
19	대관	서	60˚	30837.47	32785.13	37020.25	38974.42	38936.18	38017.48	35368.25	35294.68	35212.11	31582.92	28301.43	25949.91	298027.83
19	대관	서	90˚	26246.93	27070.96	29109.72	29554.06	28852.82	28208.82	26161.26	26619.41	27383.05	24970.52	23491.90	22200.36	233426.72
19	대관	북서	30˚	14865.34	21224.72	31438.00	38474.01	43161.81	43144.75	40177.07	36782.02	31931.44	24445.44	16592.68	12056.48	258942.93
19	대관	북서	45˚	10776.75	16172.09	25835.75	32635.18	37235.43	38210.21	35235.23	32071.08	26604.21	18994.24	12476.98	8776.95	215695.31
19	대관	북서	60˚	9559.23	13748.20	21825.37	27329.43	31179.16	32526.87	29818.14	27370.12	22480.64	15850.86	10903.24	8105.79	183290.98
19	대관	북서	90˚	9898.25	12315.84	17125.81	20098.73	22267.98	23079.17	21389.08	20265.81	17457.22	13343.54	10468.76	8816.57	143622.68
19	대관	북동	30˚	14182.02	21391.07	30481.05	36506.75	42618.54	41378.94	40085.08	35566.51	31366.86	25378.61	16044.92	12381.95	253905.13
19	대관	북동	45˚	10107.61	16398.20	24658.01	30258.97	36473.50	35829.38	35144.12	30451.38	25826.69	20034.37	11990.40	9028.37	209259.16
19	대관	북동	60˚	8863.41	13827.73	20771.52	25052.73	30411.09	29938.36	29754.14	25701.95	21694.64	16894.91	10544.03	8188.91	176693.60
19	대관	북동	90˚	9505.24	12327.81	16535.78	18738.60	21734.09	21257.76	21303.37	19241.68	16881.09	14090.16	10290.64	8827.94	139406.59
19	대관	북	30˚	5773.90	12615.37	25663.30	34542.85	41556.97	41745.55	39328.24	34394.89	27478.01	18137.16	8639.54	5143.29	215888.13
19	대관	북	45˚	5989.74	7252.73	15230.66	25836.37	34262.91	35848.91	33586.46	27980.80	18284.60	9975.94	7305.56	5812.76	166544.57
19	대관	북	60˚	6919.04	8057.43	11440.66	16294.81	25355.45	28204.33	26267.83	20340.96	12146.43	10069.70	7974.81	6591.61	131538.30
19	대관	북	90˚	8896.35	9712.65	12179.75	12877.96	14900.71	15768.43	15694.70	14651.79	12325.45	10901.93	9200.54	8244.30	106240.33
20	추풍	수평	0˚	29523.02	36828.54	43919.34	49531.24	51668.47	42075.42	41572.71	44269.37	37230.23	39266.99	31986.44	28335.67	347786.92
20	추풍	남	30˚	48451.41	53330.93	53545.21	53894.59	51183.87	41083.38	41556.99	46998.81	42976.59	52322.02	49927.21	49213.23	426507.29
20	추풍	남	45˚	54002.88	57232.50	54039.78	51702.03	46912.70	37573.62	38451.92	44692.65	42540.87	54627.49	54867.18	55679.65	432087.36
20	추풍	남	60˚	56377.88	57810.34	51543.65	46740.54	40285.16	32332.71	33523.97	40098.05	39888.44	53842.14	56606.27	58845.30	414137.50
20	추풍	남	90˚	51178.53	49066.53	38451.07	29892.59	22347.89	18802.02	20021.98	25512.20	28773.92	43420.02	50233.99	54650.98	315072.02
20	추풍	남동	30˚	42020.94	47891.81	49329.96	51532.72	50561.42	41045.01	41703.33	45442.51	40756.14	47869.11	43694.41	42080.45	396985.40
20	추풍	남동	45˚	45020.24	49744.85	48364.84	49029.79	46690.50	37961.58	38988.92	42802.15	39693.60	48545.03	46133.98	45616.40	392983.07
20	추풍	남동	60˚	45548.44	48948.05	45286.21	44777.46	41201.11	33553.16	34814.75	38522.56	37003.73	46787.81	46020.45	46675.51	371402.83
20	추풍	남동	90˚	39069.11	39965.51	33614.35	31967.13	27503.81	22660.10	24139.43	26699.46	27450.86	36895.58	38869.31	41002.94	284258.90
20	추풍	남서	30˚	42599.48	47635.54	50439.22	52474.04	50512.12	41064.05	41022.54	45896.71	41190.85	47634.12	44368.26	42878.61	399772.27
20	추풍	남서	45˚	45734.29	49274.31	49858.47	50241.88	46652.76	37995.42	38238.82	43475.01	40277.27	48359.17	47219.93	46809.22	397072.21
20	추풍	남서	60˚	46391.82	48374.48	47041.36	46100.82	41100.27	33623.71	34148.43	39319.59	37641.53	46636.28	47399.31	48117.71	376388.77
20	추풍	남서	90˚	40046.39	39302.99	35343.51	33135.75	27347.97	22825.02	23665.93	27368.69	28077.54	36748.08	40244.64	42495.19	289259.06
20	추풍	동	30˚	28388.94	35340.99	40610.27	45850.20	48236.10	40352.04	40663.91	41841.84	35595.40	37447.07	30526.60	27252.47	330166.42
20	추풍	동	45˚	27118.73	33493.81	37480.70	42406.48	44122.04	37327.85	37912.98	38374.38	33319.16	35259.45	29166.40	26230.56	308301.32
20	추풍	동	60˚	25419.83	31135.42	33815.41	38365.60	39212.00	33380.63	34220.91	34184.12	30370.73	32438.13	27309.29	25038.92	281010.92
20	추풍	동	90˚	20896.30	24800.02	25389.55	29059.24	28629.78	24479.04	25725.03	25009.51	23308.77	25559.10	22125.35	21055.52	216090.74
20	추풍	서	30˚	28911.14	35004.20	42047.57	47110.91	48047.36	40367.53	39781.15	42506.74	36219.87	37250.04	31383.05	28299.29	333712.82
20	추풍	서	45˚	27833.44	33052.10	39277.05	44026.56	43881.06	37378.22	36920.10	39288.60	34112.28	35055.59	30132.20	27623.34	312988.59
20	추풍	서	60˚	26405.55	30596.66	35703.33	40114.06	38914.83	33497.61	33274.67	35138.46	31243.99	32278.23	28230.70	26315.38	286037.78
20	추풍	서	90˚	21656.33	24286.36	27048.58	30463.99	28209.13	24481.85	24742.95	25620.93	23878.88	25091.86	23343.64	22174.07	219742.28
20	추풍	북서	30˚	15414.63	21961.84	32307.40	39825.00	44488.01	38968.52	38001.92	38295.54	30162.66	25896.13	17813.43	13769.71	260913.44
20	추풍	북서	45˚	11687.24	16701.50	26085.84	33375.93	38032.10	34697.61	33644.82	32956.73	25703.27	20330.36	13594.29	10352.48	217309.23
20	추풍	북서	60˚	10283.11	13945.83	21454.23	27731.64	31357.92	29655.00	28784.75	27524.25	21909.71	16705.21	11778.66	9160.23	183026.26
20	추풍	북서	90˚	9858.65	12164.27	16146.80	20367.38	21653.38	20954.77	20755.04	19640.24	16599.12	13404.76	10801.57	9279.36	140044.09
20	추풍	북동	30˚	15125.20	22228.69	31297.02	38859.56	44735.49	38966.42	38695.51	37849.82	29710.76	25974.09	17426.48	13306.43	258906.96
20	추풍	북동	45˚	11425.70	16993.90	24953.65	32153.59	38260.92	34694.40	34551.86	32313.63	25142.51	20467.11	13162.63	10088.41	215143.75
20	추풍	북동	60˚	10065.92	14157.17	20412.50	26506.85	31651.15	29614.04	29691.82	26908.22	21434.90	17080.63	11249.77	9101.56	181268.01
20	추풍	북동	90˚	9759.55	12228.18	15529.73	19549.39	22092.44	21115.72	21670.41	19444.80	16419.53	13918.03	10453.98	9195.23	139883.13
20	추풍	북	30˚	8198.18	14864.90	27186.42	36085.32	43330.77	38566.83	37722.33	36404.15	27058.74	19705.08	10219.03	6501.59	223790.86
20	추풍	북	45˚	7534.98	8510.94	16901.60	26444.90	35655.29	33858.21	32882.27	29674.73	20018.49	10660.41	7840.85	6918.28	173525.62
20	추풍	북	60˚	8120.15	9155.44	11821.17	15763.88	26289.19	27564.60	26496.14	21652.44	14112.10	10121.85	8378.48	7536.78	136898.26
20	추풍	북	90˚	9107.15	10263.30	12089.18	12083.32	14494.79	16387.52	16217.82	14917.54	12857.12	10666.21	9321.93	8682.37	107479.11
