지역코드	지역명	속도	1월	2월	3월	4월	5월	6월	7월	8월	9월	10월	11월	12월
01	춘천	0	86	207	70	68	79	70	63	57	25	228	119	257
01	춘천	0.5	309	157	163	170	136	136	176	180	207	201	211	145
01	춘천	1	160	98	137	109	167	169	161	188	195	144	140	102
01	춘천	1.5	54	69	107	85	139	139	163	143	164	84	80	73
01	춘천	2	47	74	80	84	96	96	104	81	78	38	50	43
01	춘천	2.5	37	29	87	63	49	66	50	49	27	20	34	41
01	춘천	3	29	16	54	40	37	26	17	26	14	19	24	44
01	춘천	3.5	17	12	19	33	25	12	7	15	6	4	29	22
01	춘천	4	2	10	15	27	7	6	1	5	4	3	16	6
01	춘천	4.5	2	0	6	18	4	0	1	0	0	2	8	5
01	춘천	5	1	0	4	12	4	0	0	0	0	1	5	3
01	춘천	5.5	0	0	1	3	0	0	1	0	0	0	1	2
01	춘천	6	0	0	1	1	0	0	0	0	0	0	2	0
01	춘천	6.5	0	0	0	6	1	0	0	0	0	0	1	1
01	춘천	7	0	0	0	0	0	0	0	0	0	0	0	0
01	춘천	7.5	0	0	0	0	0	0	0	0	0	0	0	0
01	춘천	8	0	0	0	0	0	0	0	0	0	0	0	0
01	춘천	8.5	0	0	0	1	0	0	0	0	0	0	0	0
01	춘천	9	0	0	0	0	0	0	0	0	0	0	0	0
01	춘천	9.5	0	0	0	0	0	0	0	0	0	0	0	0
01	춘천	10	0	0	0	0	0	0	0	0	0	0	0	0
01	춘천	10.5	0	0	0	0	0	0	0	0	0	0	0	0
01	춘천	11	0	0	0	0	0	0	0	0	0	0	0	0
01	춘천	11.5	0	0	0	0	0	0	0	0	0	0	0	0
01	춘천	12	0	0	0	0	0	0	0	0	0	0	0	0
01	춘천	12.5	0	0	0	0	0	0	0	0	0	0	0	0
01	춘천	13	0	0	0	0	0	0	0	0	0	0	0	0
01	춘천	13.5	0	0	0	0	0	0	0	0	0	0	0	0
01	춘천	14	0	0	0	0	0	0	0	0	0	0	0	0
01	춘천	14.5	0	0	0	0	0	0	0	0	0	0	0	0
01	춘천	15	0	0	0	0	0	0	0	0	0	0	0	0
01	춘천	15.5	0	0	0	0	0	0	0	0	0	0	0	0
01	춘천	16	0	0	0	0	0	0	0	0	0	0	0	0
02	강릉	0	7	3	10	3	5	15	20	21	8	2	4	2
02	강릉	0.5	26	13	26	33	67	60	97	74	56	28	30	27
02	강릉	1	46	40	53	89	107	101	147	96	113	102	65	48
02	강릉	1.5	85	65	72	83	115	120	133	110	150	136	57	68
02	강릉	2	41	88	93	78	112	95	104	77	132	121	75	76
02	강릉	2.5	69	53	82	62	89	91	61	102	90	95	98	70
02	강릉	3	69	65	82	62	52	75	56	88	58	86	79	57
02	강릉	3.5	67	61	60	80	49	54	43	71	46	69	77	77
02	강릉	4	85	55	50	59	37	45	41	53	24	52	64	67
02	강릉	4.5	65	63	56	49	28	31	21	29	19	35	68	49
02	강릉	5	64	46	37	36	31	13	11	13	13	9	32	59
02	강릉	5.5	50	38	32	39	16	8	4	6	4	8	22	60
02	강릉	6	35	28	36	25	10	3	4	2	2	1	23	31
02	강릉	6.5	16	17	17	9	8	3	0	0	2	0	14	25
02	강릉	7	13	7	11	8	7	3	1	0	0	0	4	11
02	강릉	7.5	1	8	9	4	3	1	0	2	0	0	3	11
02	강릉	8	4	13	6	1	2	1	1	0	0	0	4	1
02	강릉	8.5	1	6	4	0	2	1	0	0	2	0	1	0
02	강릉	9	0	0	3	0	1	0	0	0	0	0	0	2
02	강릉	9.5	0	2	3	0	1	0	0	0	0	0	0	0
02	강릉	10	0	1	2	0	2	0	0	0	1	0	0	2
02	강릉	10.5	0	0	0	0	0	0	0	0	0	0	0	1
02	강릉	11	0	0	0	0	0	0	0	0	0	0	0	0
02	강릉	11.5	0	0	0	0	0	0	0	0	0	0	0	0
02	강릉	12	0	0	0	0	0	0	0	0	0	0	0	0
02	강릉	12.5	0	0	0	0	0	0	0	0	0	0	0	0
02	강릉	13	0	0	0	0	0	0	0	0	0	0	0	0
02	강릉	13.5	0	0	0	0	0	0	0	0	0	0	0	0
02	강릉	14	0	0	0	0	0	0	0	0	0	0	0	0
02	강릉	14.5	0	0	0	0	0	0	0	0	0	0	0	0
02	강릉	15	0	0	0	0	0	0	0	0	0	0	0	0
02	강릉	15.5	0	0	0	0	0	0	0	0	0	0	0	0
02	강릉	16	0	0	0	0	0	0	0	0	0	0	0	0
03	서울	0	13	5	8	5	10	7	31	7	21	6	7	12
03	서울	0.5	37	40	15	23	34	39	42	34	44	59	28	26
03	서울	1	79	77	40	50	77	100	69	54	72	96	67	76
03	서울	1.5	110	100	72	60	112	98	90	102	113	139	113	115
03	서울	2	128	99	89	83	94	102	131	124	129	113	144	113
03	서울	2.5	101	83	105	122	84	108	102	138	105	124	111	116
03	서울	3	101	76	95	79	97	77	84	117	88	85	77	98
03	서울	3.5	67	61	76	95	59	68	75	68	69	49	60	74
03	서울	4	50	51	81	56	64	44	56	42	45	24	52	49
03	서울	4.5	28	32	63	50	53	26	31	16	23	18	22	25
03	서울	5	24	14	41	45	36	17	17	15	10	12	17	15
03	서울	5.5	3	7	28	24	10	13	8	9	1	12	7	14
03	서울	6	3	5	17	13	4	6	6	7	0	4	7	8
03	서울	6.5	0	3	7	7	3	6	1	5	0	2	3	1
03	서울	7	0	4	2	3	6	6	1	4	0	1	2	1
03	서울	7.5	0	5	4	2	0	1	0	0	0	0	2	0
03	서울	8	0	4	1	2	0	2	0	1	0	0	1	1
03	서울	8.5	0	2	0	1	1	0	0	1	0	0	0	0
03	서울	9	0	1	0	0	0	0	0	0	0	0	0	0
03	서울	9.5	0	3	0	0	0	0	0	0	0	0	0	0
03	서울	10	0	0	0	0	0	0	0	0	0	0	0	0
03	서울	10.5	0	0	0	0	0	0	0	0	0	0	0	0
03	서울	11	0	0	0	0	0	0	0	0	0	0	0	0
03	서울	11.5	0	0	0	0	0	0	0	0	0	0	0	0
03	서울	12	0	0	0	0	0	0	0	0	0	0	0	0
03	서울	12.5	0	0	0	0	0	0	0	0	0	0	0	0
03	서울	13	0	0	0	0	0	0	0	0	0	0	0	0
03	서울	13.5	0	0	0	0	0	0	0	0	0	0	0	0
03	서울	14	0	0	0	0	0	0	0	0	0	0	0	0
03	서울	14.5	0	0	0	0	0	0	0	0	0	0	0	0
03	서울	15	0	0	0	0	0	0	0	0	0	0	0	0
03	서울	15.5	0	0	0	0	0	0	0	0	0	0	0	0
03	서울	16	0	0	0	0	0	0	0	0	0	0	0	0
04	인천	0	4	3	5	5	17	3	31	54	18	51	12	15
04	인천	0.5	24	27	12	20	34	30	46	46	27	66	23	19
04	인천	1	71	57	22	45	55	92	81	79	85	91	39	46
04	인천	1.5	76	88	45	73	74	104	111	85	93	100	55	62
04	인천	2	107	65	64	70	103	138	116	106	108	102	96	87
04	인천	2.5	109	79	87	83	117	130	110	109	118	84	91	90
04	인천	3	84	71	97	101	107	102	86	96	85	70	95	65
04	인천	3.5	61	52	105	86	76	57	51	78	60	51	98	57
04	인천	4	35	53	67	69	60	22	41	34	47	37	52	52
04	인천	4.5	33	36	59	46	38	18	23	37	26	22	34	46
04	인천	5	36	37	36	34	32	7	21	9	14	14	23	41
04	인천	5.5	20	26	31	30	8	6	14	2	12	20	24	32
04	인천	6	23	23	23	23	13	5	6	0	8	13	16	39
04	인천	6.5	14	24	17	12	6	4	4	1	6	8	10	28
04	인천	7	9	13	17	9	1	1	3	1	6	5	11	16
04	인천	7.5	11	9	10	6	1	1	0	1	2	4	5	19
04	인천	8	7	2	9	2	2	0	0	2	1	1	7	6
04	인천	8.5	7	6	13	2	0	0	0	2	2	2	8	2
04	인천	9	4	0	10	1	0	0	0	2	0	2	7	9
04	인천	9.5	2	1	4	2	0	0	0	0	0	0	6	4
04	인천	10	3	0	6	0	0	0	0	0	0	0	4	4
04	인천	10.5	3	0	0	0	0	0	0	0	0	0	3	3
04	인천	11	1	0	0	1	0	0	0	0	0	1	1	1
04	인천	11.5	0	0	2	0	0	0	0	0	0	0	0	0
04	인천	12	0	0	2	0	0	0	0	0	0	0	0	1
04	인천	12.5	0	0	1	0	0	0	0	0	0	0	0	0
04	인천	13	0	0	0	0	0	0	0	0	1	0	0	0
04	인천	13.5	0	0	0	0	0	0	0	0	0	0	0	0
04	인천	14	0	0	0	0	0	0	0	0	0	0	0	0
04	인천	14.5	0	0	0	0	0	0	0	0	0	0	0	0
04	인천	15	0	0	0	0	0	0	0	0	0	0	0	0
04	인천	15.5	0	0	0	0	0	0	0	0	0	0	0	0
04	인천	16	0	0	0	0	0	0	0	0	1	0	0	0
05	원주	0	107	65	32	55	42	32	73	123	31	175	159	67
05	원주	0.5	268	176	122	126	170	144	202	128	177	181	202	262
05	원주	1	163	140	140	158	155	193	171	142	239	175	120	147
05	원주	1.5	73	90	127	100	130	145	140	112	148	89	73	105
05	원주	2	46	66	84	70	92	111	92	105	77	77	58	70
05	원주	2.5	33	47	103	71	68	52	38	73	31	19	52	40
05	원주	3	27	35	62	45	45	28	21	30	13	16	22	24
05	원주	3.5	14	30	47	47	29	10	5	19	3	5	18	14
05	원주	4	7	12	13	32	10	4	2	7	1	5	10	12
05	원주	4.5	2	5	11	11	3	1	0	5	0	2	4	2
05	원주	5	3	4	2	3	0	0	0	0	0	0	2	1
05	원주	5.5	1	2	0	2	0	0	0	0	0	0	0	0
05	원주	6	0	0	1	0	0	0	0	0	0	0	0	0
05	원주	6.5	0	0	0	0	0	0	0	0	0	0	0	0
05	원주	7	0	0	0	0	0	0	0	0	0	0	0	0
05	원주	7.5	0	0	0	0	0	0	0	0	0	0	0	0
05	원주	8	0	0	0	0	0	0	0	0	0	0	0	0
05	원주	8.5	0	0	0	0	0	0	0	0	0	0	0	0
05	원주	9	0	0	0	0	0	0	0	0	0	0	0	0
05	원주	9.5	0	0	0	0	0	0	0	0	0	0	0	0
05	원주	10	0	0	0	0	0	0	0	0	0	0	0	0
05	원주	10.5	0	0	0	0	0	0	0	0	0	0	0	0
05	원주	11	0	0	0	0	0	0	0	0	0	0	0	0
05	원주	11.5	0	0	0	0	0	0	0	0	0	0	0	0
05	원주	12	0	0	0	0	0	0	0	0	0	0	0	0
05	원주	12.5	0	0	0	0	0	0	0	0	0	0	0	0
05	원주	13	0	0	0	0	0	0	0	0	0	0	0	0
05	원주	13.5	0	0	0	0	0	0	0	0	0	0	0	0
05	원주	14	0	0	0	0	0	0	0	0	0	0	0	0
05	원주	14.5	0	0	0	0	0	0	0	0	0	0	0	0
05	원주	15	0	0	0	0	0	0	0	0	0	0	0	0
05	원주	15.5	0	0	0	0	0	0	0	0	0	0	0	0
05	원주	16	0	0	0	0	0	0	0	0	0	0	0	0
06	청주	0	93	46	11	33	10	23	13	44	8	38	49	49
06	청주	0.5	126	127	113	111	100	87	74	100	144	202	201	213
06	청주	1	204	143	127	130	147	129	180	136	231	218	182	160
06	청주	1.5	146	141	166	113	167	157	172	171	168	150	110	134
06	청주	2	77	104	121	85	128	138	145	114	102	68	69	74
06	청주	2.5	55	59	77	90	93	92	102	75	47	46	63	58
06	청주	3	23	28	65	56	47	52	42	51	14	13	29	38
06	청주	3.5	12	17	33	46	35	28	10	32	4	8	15	12
06	청주	4	4	3	20	28	6	7	5	12	2	1	1	5
06	청주	4.5	3	4	6	10	6	4	1	6	0	0	0	1
06	청주	5	1	0	5	12	4	2	0	3	0	0	0	0
06	청주	5.5	0	0	0	4	1	1	0	0	0	0	1	0
06	청주	6	0	0	0	2	0	0	0	0	0	0	0	0
06	청주	6.5	0	0	0	0	0	0	0	0	0	0	0	0
06	청주	7	0	0	0	0	0	0	0	0	0	0	0	0
06	청주	7.5	0	0	0	0	0	0	0	0	0	0	0	0
06	청주	8	0	0	0	0	0	0	0	0	0	0	0	0
06	청주	8.5	0	0	0	0	0	0	0	0	0	0	0	0
06	청주	9	0	0	0	0	0	0	0	0	0	0	0	0
06	청주	9.5	0	0	0	0	0	0	0	0	0	0	0	0
06	청주	10	0	0	0	0	0	0	0	0	0	0	0	0
06	청주	10.5	0	0	0	0	0	0	0	0	0	0	0	0
06	청주	11	0	0	0	0	0	0	0	0	0	0	0	0
06	청주	11.5	0	0	0	0	0	0	0	0	0	0	0	0
06	청주	12	0	0	0	0	0	0	0	0	0	0	0	0
06	청주	12.5	0	0	0	0	0	0	0	0	0	0	0	0
06	청주	13	0	0	0	0	0	0	0	0	0	0	0	0
06	청주	13.5	0	0	0	0	0	0	0	0	0	0	0	0
06	청주	14	0	0	0	0	0	0	0	0	0	0	0	0
06	청주	14.5	0	0	0	0	0	0	0	0	0	0	0	0
06	청주	15	0	0	0	0	0	0	0	0	0	0	0	0
06	청주	15.5	0	0	0	0	0	0	0	0	0	0	0	0
06	청주	16	0	0	0	0	0	0	0	0	0	0	0	0
07	대전	0	37	26	21	18	13	14	125	18	66	41	44	93
07	대전	0.5	161	123	99	83	81	82	44	114	136	165	127	181
07	대전	1	198	158	120	98	118	147	88	171	177	206	170	129
07	대전	1.5	132	107	109	114	122	150	114	127	124	146	150	104
07	대전	2	77	69	90	104	111	115	112	98	80	71	98	71
07	대전	2.5	46	51	75	95	80	74	87	75	54	41	49	41
07	대전	3	39	47	77	72	78	52	66	55	37	32	30	37
07	대전	3.5	20	35	50	61	57	30	58	23	24	13	21	26
07	대전	4	10	21	38	26	39	23	25	25	14	11	14	30
07	대전	4.5	8	14	27	22	22	17	14	16	7	6	5	16
07	대전	5	11	10	16	14	12	7	10	13	1	8	7	6
07	대전	5.5	5	7	13	6	8	3	1	2	0	2	4	6
07	대전	6	0	2	4	6	2	3	0	2	0	2	1	1
07	대전	6.5	0	2	4	1	1	2	0	2	0	0	0	3
07	대전	7	0	0	1	0	0	1	0	2	0	0	0	0
07	대전	7.5	0	0	0	0	0	0	0	1	0	0	0	0
07	대전	8	0	0	0	0	0	0	0	0	0	0	0	0
07	대전	8.5	0	0	0	0	0	0	0	0	0	0	0	0
07	대전	9	0	0	0	0	0	0	0	0	0	0	0	0
07	대전	9.5	0	0	0	0	0	0	0	0	0	0	0	0
07	대전	10	0	0	0	0	0	0	0	0	0	0	0	0
07	대전	10.5	0	0	0	0	0	0	0	0	0	0	0	0
07	대전	11	0	0	0	0	0	0	0	0	0	0	0	0
07	대전	11.5	0	0	0	0	0	0	0	0	0	0	0	0
07	대전	12	0	0	0	0	0	0	0	0	0	0	0	0
07	대전	12.5	0	0	0	0	0	0	0	0	0	0	0	0
07	대전	13	0	0	0	0	0	0	0	0	0	0	0	0
07	대전	13.5	0	0	0	0	0	0	0	0	0	0	0	0
07	대전	14	0	0	0	0	0	0	0	0	0	0	0	0
07	대전	14.5	0	0	0	0	0	0	0	0	0	0	0	0
07	대전	15	0	0	0	0	0	0	0	0	0	0	0	0
07	대전	15.5	0	0	0	0	0	0	0	0	0	0	0	0
07	대전	16	0	0	0	0	0	0	0	0	0	0	0	0
08	대구	0	10	13	5	5	7	4	7	39	11	19	22	17
08	대구	0.5	97	66	42	33	54	27	60	61	63	95	116	79
08	대구	1	108	106	90	91	124	78	144	81	134	188	161	125
08	대구	1.5	95	110	133	109	138	128	147	121	135	163	126	101
08	대구	2	113	90	105	111	117	110	114	100	113	79	77	74
08	대구	2.5	109	77	94	113	87	90	96	90	66	64	56	63
08	대구	3	79	77	58	73	58	88	74	83	81	64	63	58
08	대구	3.5	44	49	72	47	43	79	46	75	48	34	44	66
08	대구	4	45	38	44	54	40	61	22	41	39	17	22	61
08	대구	4.5	23	20	38	37	28	42	13	27	22	16	12	42
08	대구	5	9	16	28	35	18	9	15	13	7	3	7	31
08	대구	5.5	10	7	10	8	10	4	4	3	1	2	5	8
08	대구	6	2	2	10	4	7	0	1	4	0	0	5	12
08	대구	6.5	0	1	9	0	4	0	1	3	0	0	4	6
08	대구	7	0	0	6	0	5	0	0	3	0	0	0	0
08	대구	7.5	0	0	0	0	2	0	0	0	0	0	0	1
08	대구	8	0	0	0	0	2	0	0	0	0	0	0	0
08	대구	8.5	0	0	0	0	0	0	0	0	0	0	0	0
08	대구	9	0	0	0	0	0	0	0	0	0	0	0	0
08	대구	9.5	0	0	0	0	0	0	0	0	0	0	0	0
08	대구	10	0	0	0	0	0	0	0	0	0	0	0	0
08	대구	10.5	0	0	0	0	0	0	0	0	0	0	0	0
08	대구	11	0	0	0	0	0	0	0	0	0	0	0	0
08	대구	11.5	0	0	0	0	0	0	0	0	0	0	0	0
08	대구	12	0	0	0	0	0	0	0	0	0	0	0	0
08	대구	12.5	0	0	0	0	0	0	0	0	0	0	0	0
08	대구	13	0	0	0	0	0	0	0	0	0	0	0	0
08	대구	13.5	0	0	0	0	0	0	0	0	0	0	0	0
08	대구	14	0	0	0	0	0	0	0	0	0	0	0	0
08	대구	14.5	0	0	0	0	0	0	0	0	0	0	0	0
08	대구	15	0	0	0	0	0	0	0	0	0	0	0	0
08	대구	15.5	0	0	0	0	0	0	0	0	0	0	0	0
08	대구	16	0	0	0	0	0	0	0	0	0	0	0	0
09	전주	0	41	40	21	14	38	15	18	21	11	80	14	44
09	전주	0.5	156	121	94	65	84	87	88	96	120	136	138	159
09	전주	1	166	106	131	141	136	147	149	135	181	163	200	150
09	전주	1.5	86	71	89	110	104	124	127	119	145	104	113	102
09	전주	2	79	85	80	75	92	80	112	89	91	77	85	70
09	전주	2.5	68	67	100	65	78	79	79	95	76	64	58	65
09	전주	3	51	51	65	68	53	70	72	71	48	48	45	47
09	전주	3.5	34	48	66	54	51	49	36	40	27	27	23	31
09	전주	4	29	27	41	44	43	37	32	24	12	18	18	39
09	전주	4.5	18	18	22	35	31	12	5	15	5	14	8	23
09	전주	5	8	12	21	20	17	15	8	13	3	2	8	11
09	전주	5.5	7	13	7	14	7	4	3	7	1	5	3	1
09	전주	6	1	8	2	7	5	1	5	2	0	2	4	1
09	전주	6.5	0	2	3	5	1	0	5	4	0	2	2	1
09	전주	7	0	1	1	1	2	0	1	3	0	2	0	0
09	전주	7.5	0	1	1	2	1	0	1	1	0	0	1	0
09	전주	8	0	0	0	0	1	0	1	1	0	0	0	0
09	전주	8.5	0	1	0	0	0	0	2	2	0	0	0	0
09	전주	9	0	0	0	0	0	0	0	0	0	0	0	0
09	전주	9.5	0	0	0	0	0	0	0	1	0	0	0	0
09	전주	10	0	0	0	0	0	0	0	1	0	0	0	0
09	전주	10.5	0	0	0	0	0	0	0	0	0	0	0	0
09	전주	11	0	0	0	0	0	0	0	2	0	0	0	0
09	전주	11.5	0	0	0	0	0	0	0	0	0	0	0	0
09	전주	12	0	0	0	0	0	0	0	0	0	0	0	0
09	전주	12.5	0	0	0	0	0	0	0	0	0	0	0	0
09	전주	13	0	0	0	0	0	0	0	1	0	0	0	0
09	전주	13.5	0	0	0	0	0	0	0	0	0	0	0	0
09	전주	14	0	0	0	0	0	0	0	0	0	0	0	0
09	전주	14.5	0	0	0	0	0	0	0	0	0	0	0	0
09	전주	15	0	0	0	0	0	0	0	0	0	0	0	0
09	전주	15.5	0	0	0	0	0	0	0	1	0	0	0	0
09	전주	16	0	0	0	0	0	0	0	0	0	0	0	0
10	광주	0	28	12	16	28	16	29	18	29	18	44	28	63
10	광주	0.5	97	96	90	67	92	74	77	88	77	109	146	119
10	광주	1	155	117	108	134	120	117	123	132	151	180	167	144
10	광주	1.5	145	104	90	111	118	132	128	113	151	129	128	111
10	광주	2	97	101	126	108	97	98	84	83	107	96	82	93
10	광주	2.5	89	64	99	86	94	92	87	71	93	72	55	59
10	광주	3	61	66	71	71	62	67	74	49	51	41	50	62
10	광주	3.5	38	48	48	39	53	54	50	56	28	33	31	41
10	광주	4	20	23	32	29	33	29	40	45	23	16	19	21
10	광주	4.5	5	19	26	19	27	16	25	26	8	10	8	14
10	광주	5	2	12	12	13	12	9	17	19	6	3	2	3
10	광주	5.5	4	5	14	8	9	3	5	18	3	4	3	6
10	광주	6	2	2	6	4	5	0	6	5	3	4	1	3
10	광주	6.5	0	2	3	1	1	0	2	3	1	1	0	3
10	광주	7	0	0	2	1	3	0	2	1	0	0	0	1
10	광주	7.5	0	1	1	1	1	0	1	4	0	2	0	1
10	광주	8	1	0	0	0	1	0	1	2	0	0	0	0
10	광주	8.5	0	0	0	0	0	0	1	0	0	0	0	0
10	광주	9	0	0	0	0	0	0	1	0	0	0	0	0
10	광주	9.5	0	0	0	0	0	0	1	0	0	0	0	0
10	광주	10	0	0	0	0	0	0	0	0	0	0	0	0
10	광주	10.5	0	0	0	0	0	0	1	0	0	0	0	0
10	광주	11	0	0	0	0	0	0	0	0	0	0	0	0
10	광주	11.5	0	0	0	0	0	0	0	0	0	0	0	0
10	광주	12	0	0	0	0	0	0	0	0	0	0	0	0
10	광주	12.5	0	0	0	0	0	0	0	0	0	0	0	0
10	광주	13	0	0	0	0	0	0	0	0	0	0	0	0
10	광주	13.5	0	0	0	0	0	0	0	0	0	0	0	0
10	광주	14	0	0	0	0	0	0	0	0	0	0	0	0
10	광주	14.5	0	0	0	0	0	0	0	0	0	0	0	0
10	광주	15	0	0	0	0	0	0	0	0	0	0	0	0
10	광주	15.5	0	0	0	0	0	0	0	0	0	0	0	0
10	광주	16	0	0	0	0	0	0	0	0	0	0	0	0
11	부산	0	3	16	10	8	7	8	2	5	16	14	9	6
11	부산	0.5	18	43	17	23	25	17	28	12	43	41	45	35
11	부산	1	42	51	33	29	63	62	48	37	65	68	43	52
11	부산	1.5	59	58	53	58	87	86	83	67	65	67	75	64
11	부산	2	85	57	58	57	69	92	78	67	78	89	77	70
11	부산	2.5	99	63	88	84	96	89	70	94	59	100	78	85
11	부산	3	99	72	90	83	80	77	75	110	76	100	72	70
11	부산	3.5	91	58	77	71	61	67	70	95	73	97	73	77
11	부산	4	70	71	93	52	57	70	69	60	74	63	78	73
11	부산	4.5	52	46	66	53	49	50	46	59	55	47	58	53
11	부산	5	38	51	41	50	43	38	50	44	34	21	56	43
11	부산	5.5	26	36	32	35	37	28	58	24	31	17	17	37
11	부산	6	19	17	22	30	21	8	28	18	12	11	6	33
11	부산	6.5	11	12	18	29	14	7	23	15	9	6	10	13
11	부산	7	9	5	11	17	13	4	9	8	10	1	6	16
11	부산	7.5	7	7	7	6	7	6	3	9	5	2	8	7
11	부산	8	3	3	10	6	4	3	4	6	5	0	6	4
11	부산	8.5	3	1	4	12	8	6	0	4	2	0	0	3
11	부산	9	5	2	2	1	0	1	0	3	3	0	0	0
11	부산	9.5	2	1	4	2	0	0	0	0	1	0	0	0
11	부산	10	1	1	0	0	0	1	0	2	1	0	2	2
11	부산	10.5	2	1	1	2	0	0	0	0	0	0	0	0
11	부산	11	0	0	1	1	2	0	0	4	1	0	1	0
11	부산	11.5	0	0	1	2	0	0	0	0	2	0	0	1
11	부산	12	0	0	2	0	0	0	0	1	0	0	0	0
11	부산	12.5	0	0	2	1	0	0	0	0	0	0	0	0
11	부산	13	0	0	0	2	1	0	0	0	0	0	0	0
11	부산	13.5	0	0	0	3	0	0	0	0	0	0	0	0
11	부산	14	0	0	1	2	0	0	0	0	0	0	0	0
11	부산	14.5	0	0	0	1	0	0	0	0	0	0	0	0
11	부산	15	0	0	0	0	0	0	0	0	0	0	0	0
11	부산	15.5	0	0	0	0	0	0	0	0	0	0	0	0
11	부산	16	0	0	0	0	0	0	0	0	0	0	0	0
12	목포	0	25	57	69	25	19	14	21	30	15	23	29	7
12	목포	0.5	56	36	23	46	46	61	52	83	71	53	46	49
12	목포	1	82	53	17	73	76	121	79	116	123	106	91	78
12	목포	1.5	110	43	51	71	93	94	71	91	104	121	109	85
12	목포	2	81	42	60	63	81	91	87	83	85	80	61	79
12	목포	2.5	42	37	60	45	84	79	93	78	82	49	46	58
12	목포	3	42	31	65	52	74	74	66	70	63	52	34	34
12	목포	3.5	32	27	51	44	58	52	63	49	40	39	31	43
12	목포	4	29	34	53	44	65	39	47	36	35	34	33	39
12	목포	4.5	23	38	31	45	61	43	46	33	24	41	29	35
12	목포	5	22	44	30	42	34	26	34	31	13	22	23	27
12	목포	5.5	24	35	33	36	10	17	35	16	18	12	21	31
12	목포	6	25	40	31	27	8	3	23	9	14	21	23	32
12	목포	6.5	22	28	27	20	10	2	13	10	7	17	27	32
12	목포	7	27	27	15	15	4	2	7	5	8	23	24	20
12	목포	7.5	22	23	21	23	6	1	3	2	5	17	21	18
12	목포	8	27	18	12	13	8	1	2	1	3	14	17	13
12	목포	8.5	19	7	16	7	2	0	1	1	3	10	11	10
12	목포	9	9	8	17	7	2	0	0	0	4	2	10	20
12	목포	9.5	6	11	11	9	1	0	1	0	0	4	7	13
12	목포	10	6	16	16	10	1	0	0	0	2	3	8	9
12	목포	10.5	6	9	8	1	0	0	0	0	1	1	8	4
12	목포	11	6	3	10	2	1	0	0	0	0	0	3	3
12	목포	11.5	1	4	5	0	0	0	0	0	0	0	5	5
12	목포	12	0	1	3	0	0	0	0	0	0	0	1	0
12	목포	12.5	0	0	2	0	0	0	0	0	0	0	1	0
12	목포	13	0	0	2	0	0	0	0	0	0	0	0	0
12	목포	13.5	0	0	1	0	0	0	0	0	0	0	1	0
12	목포	14	0	0	4	0	0	0	0	0	0	0	0	0
12	목포	14.5	0	0	0	0	0	0	0	0	0	0	0	0
12	목포	15	0	0	0	0	0	0	0	0	0	0	0	0
12	목포	15.5	0	0	0	0	0	0	0	0	0	0	0	0
12	목포	16	0	0	0	0	0	0	0	0	0	0	0	0
13	서산	0	134	70	55	61	38	28	34	85	141	90	42	65
13	서산	0.5	73	59	42	65	45	51	48	46	72	104	60	85
13	서산	1	74	58	37	72	72	68	59	65	94	92	77	99
13	서산	1.5	76	49	52	55	77	79	93	72	80	89	89	116
13	서산	2	49	56	58	47	60	68	80	79	75	75	93	67
13	서산	2.5	35	63	71	55	80	86	80	78	73	50	57	66
13	서산	3	43	53	59	56	61	86	93	76	61	61	65	42
13	서산	3.5	46	55	57	48	83	87	77	68	56	38	43	40
13	서산	4	38	46	76	53	57	58	70	53	30	49	39	36
13	서산	4.5	43	33	59	46	58	38	41	40	12	28	41	26
13	서산	5	29	52	43	38	36	39	28	24	8	28	30	24
13	서산	5.5	37	31	27	27	23	16	20	22	8	17	27	18
13	서산	6	32	12	30	33	13	8	8	16	3	11	15	21
13	서산	6.5	20	16	25	20	13	6	7	10	2	3	19	14
13	서산	7	6	9	18	14	13	1	3	2	1	5	9	14
13	서산	7.5	2	2	12	11	11	0	2	0	2	2	3	8
13	서산	8	2	2	8	5	4	1	1	1	0	2	3	2
13	서산	8.5	3	4	3	6	0	0	0	0	2	0	5	1
13	서산	9	2	2	3	4	0	0	0	2	0	0	2	0
13	서산	9.5	0	0	3	4	0	0	0	5	0	0	0	0
13	서산	10	0	0	3	0	0	0	0	0	0	0	0	0
13	서산	10.5	0	0	1	0	0	0	0	0	0	0	0	0
13	서산	11	0	0	0	0	0	0	0	0	0	0	1	0
13	서산	11.5	0	0	0	0	0	0	0	0	0	0	0	0
13	서산	12	0	0	1	0	0	0	0	0	0	0	0	0
13	서산	12.5	0	0	1	0	0	0	0	0	0	0	0	0
13	서산	13	0	0	0	0	0	0	0	0	0	0	0	0
13	서산	13.5	0	0	0	0	0	0	0	0	0	0	0	0
13	서산	14	0	0	0	0	0	0	0	0	0	0	0	0
13	서산	14.5	0	0	0	0	0	0	0	0	0	0	0	0
13	서산	15	0	0	0	0	0	0	0	0	0	0	0	0
13	서산	15.5	0	0	0	0	0	0	0	0	0	0	0	0
13	서산	16	0	0	0	0	0	0	0	0	0	0	0	0
14	진주	0	179	231	202	92	113	133	43	104	130	192	145	174
14	진주	0.5	210	89	83	150	167	144	172	161	179	203	229	235
14	진주	1	104	63	74	125	137	111	194	167	147	114	117	110
14	진주	1.5	63	56	78	104	124	93	154	138	118	87	74	68
14	진주	2	44	50	67	84	88	92	94	88	60	44	58	39
14	진주	2.5	36	41	66	55	55	74	56	52	43	36	34	31
14	진주	3	32	36	57	34	38	34	21	21	20	30	30	25
14	진주	3.5	28	31	29	24	13	22	4	6	10	13	14	21
14	진주	4	20	22	24	16	3	12	4	4	8	12	7	17
14	진주	4.5	10	15	24	12	2	2	1	0	3	4	2	9
14	진주	5	11	13	18	7	2	3	0	3	2	6	4	7
14	진주	5.5	3	13	6	3	1	0	1	0	0	2	4	3
14	진주	6	2	3	8	5	0	0	0	0	0	1	0	2
14	진주	6.5	2	4	5	3	1	0	0	0	0	0	2	2
14	진주	7	0	3	3	4	0	0	0	0	0	0	0	1
14	진주	7.5	0	1	0	0	0	0	0	0	0	0	0	0
14	진주	8	0	0	0	2	0	0	0	0	0	0	0	0
14	진주	8.5	0	0	0	0	0	0	0	0	0	0	0	0
14	진주	9	0	1	0	0	0	0	0	0	0	0	0	0
14	진주	9.5	0	0	0	0	0	0	0	0	0	0	0	0
14	진주	10	0	0	0	0	0	0	0	0	0	0	0	0
14	진주	10.5	0	0	0	0	0	0	0	0	0	0	0	0
14	진주	11	0	0	0	0	0	0	0	0	0	0	0	0
14	진주	11.5	0	0	0	0	0	0	0	0	0	0	0	0
14	진주	12	0	0	0	0	0	0	0	0	0	0	0	0
14	진주	12.5	0	0	0	0	0	0	0	0	0	0	0	0
14	진주	13	0	0	0	0	0	0	0	0	0	0	0	0
14	진주	13.5	0	0	0	0	0	0	0	0	0	0	0	0
14	진주	14	0	0	0	0	0	0	0	0	0	0	0	0
14	진주	14.5	0	0	0	0	0	0	0	0	0	0	0	0
14	진주	15	0	0	0	0	0	0	0	0	0	0	0	0
14	진주	15.5	0	0	0	0	0	0	0	0	0	0	0	0
14	진주	16	0	0	0	0	0	0	0	0	0	0	0	0
15	포항	0	7	10	22	16	17	28	35	27	7	4	11	4
15	포항	0.5	31	49	56	33	49	48	73	56	39	19	31	19
15	포항	1	49	65	88	65	96	95	121	83	124	60	64	53
15	포항	1.5	100	118	112	92	105	131	126	113	142	111	117	102
15	포항	2	121	142	126	120	108	147	105	119	120	139	140	137
15	포항	2.5	138	103	104	113	104	101	89	125	85	126	85	109
15	포항	3	112	79	72	107	100	83	51	77	65	107	105	125
15	포항	3.5	70	42	59	69	64	49	41	40	66	66	46	68
15	포항	4	63	27	34	44	31	27	44	27	35	44	40	53
15	포항	4.5	28	15	20	25	22	8	28	22	20	32	37	34
15	포항	5	17	8	19	8	21	2	14	14	6	17	29	21
15	포항	5.5	5	6	12	11	10	0	12	14	5	10	11	10
15	포항	6	2	7	8	8	5	1	3	10	1	4	4	6
15	포항	6.5	1	0	0	5	6	0	1	4	2	5	0	3
15	포항	7	0	1	4	2	3	0	0	4	0	0	0	0
15	포항	7.5	0	0	4	1	1	0	1	5	3	0	0	0
15	포항	8	0	0	1	0	1	0	0	2	0	0	0	0
15	포항	8.5	0	0	1	0	0	0	0	0	0	0	0	0
15	포항	9	0	0	1	1	1	0	0	2	0	0	0	0
15	포항	9.5	0	0	1	0	0	0	0	0	0	0	0	0
15	포항	10	0	0	0	0	0	0	0	0	0	0	0	0
15	포항	10.5	0	0	0	0	0	0	0	0	0	0	0	0
15	포항	11	0	0	0	0	0	0	0	0	0	0	0	0
15	포항	11.5	0	0	0	0	0	0	0	0	0	0	0	0
15	포항	12	0	0	0	0	0	0	0	0	0	0	0	0
15	포항	12.5	0	0	0	0	0	0	0	0	0	0	0	0
15	포항	13	0	0	0	0	0	0	0	0	0	0	0	0
15	포항	13.5	0	0	0	0	0	0	0	0	0	0	0	0
15	포항	14	0	0	0	0	0	0	0	0	0	0	0	0
15	포항	14.5	0	0	0	0	0	0	0	0	0	0	0	0
15	포항	15	0	0	0	0	0	0	0	0	0	0	0	0
15	포항	15.5	0	0	0	0	0	0	0	0	0	0	0	0
15	포항	16	0	0	0	0	0	0	0	0	0	0	0	0
16	제주	0	0	2	0	4	3	4	21	3	11	2	2	4
16	제주	0.5	9	6	8	21	27	33	62	20	30	12	10	11
16	제주	1	30	19	30	42	58	54	97	61	56	46	28	22
16	제주	1.5	46	62	63	91	94	86	93	110	101	81	54	56
16	제주	2	58	79	85	82	89	92	82	89	85	109	85	59
16	제주	2.5	37	111	81	69	80	107	49	94	57	97	92	67
16	제주	3	63	80	93	84	78	87	62	81	91	84	99	65
16	제주	3.5	71	95	87	69	57	103	54	88	82	91	70	59
16	제주	4	82	50	66	62	67	55	43	56	69	83	54	44
16	제주	4.5	76	51	44	40	64	44	49	57	68	41	51	54
16	제주	5	65	35	51	34	37	19	19	46	28	31	40	52
16	제주	5.5	51	27	35	26	41	16	33	23	20	29	19	27
16	제주	6	45	13	29	34	24	9	14	8	16	14	22	35
16	제주	6.5	33	4	20	23	13	1	24	4	3	15	14	48
16	제주	7	24	6	16	25	10	1	7	2	3	7	17	32
16	제주	7.5	12	7	12	4	0	2	12	2	0	2	21	19
16	제주	8	16	3	10	4	2	1	11	0	0	0	14	28
16	제주	8.5	10	6	6	2	0	1	6	0	0	0	9	18
16	제주	9	6	1	7	1	0	2	1	0	0	0	8	25
16	제주	9.5	8	2	1	3	0	2	1	0	0	0	7	7
16	제주	10	2	0	0	0	0	1	0	0	0	0	2	8
16	제주	10.5	0	2	0	0	0	0	0	0	0	0	0	2
16	제주	11	0	1	0	0	0	0	0	0	0	0	1	1
16	제주	11.5	0	3	0	0	0	0	1	0	0	0	0	1
16	제주	12	0	2	0	0	0	0	2	0	0	0	0	0
16	제주	12.5	0	1	0	0	0	0	1	0	0	0	1	0
16	제주	13	0	3	0	0	0	0	0	0	0	0	0	0
16	제주	13.5	0	1	0	0	0	0	0	0	0	0	0	0
16	제주	14	0	0	0	0	0	0	0	0	0	0	0	0
16	제주	14.5	0	0	0	0	0	0	0	0	0	0	0	0
16	제주	15	0	0	0	0	0	0	0	0	0	0	0	0
16	제주	15.5	0	0	0	0	0	0	0	0	0	0	0	0
16	제주	16	0	0	0	0	0	0	0	0	0	0	0	0
17	안동	0	99	30	26	27	31	23	26	28	25	70	119	67
17	안동	0.5	154	144	113	128	135	143	149	173	200	219	168	185
17	안동	1	125	129	134	131	173	157	219	199	220	193	152	117
17	안동	1.5	73	79	98	69	112	122	139	133	119	93	95	77
17	안동	2	63	58	63	70	65	86	104	77	49	61	48	56
17	안동	2.5	51	43	60	54	56	58	48	51	44	43	19	46
17	안동	3	44	43	52	52	62	44	24	35	27	20	23	53
17	안동	3.5	42	39	48	42	39	48	12	27	17	23	42	39
17	안동	4	33	29	44	36	26	22	11	5	10	12	22	35
17	안동	4.5	33	30	42	41	19	11	7	6	4	2	14	24
17	안동	5	18	24	29	33	12	3	4	1	4	5	8	29
17	안동	5.5	5	9	14	18	8	3	1	6	1	1	9	7
17	안동	6	3	5	5	7	4	0	0	2	0	2	1	4
17	안동	6.5	1	8	10	9	1	0	0	1	0	0	0	2
17	안동	7	0	1	4	0	1	0	0	0	0	0	0	2
17	안동	7.5	0	1	1	2	0	0	0	0	0	0	0	1
17	안동	8	0	0	1	1	0	0	0	0	0	0	0	0
17	안동	8.5	0	0	0	0	0	0	0	0	0	0	0	0
17	안동	9	0	0	0	0	0	0	0	0	0	0	0	0
17	안동	9.5	0	0	0	0	0	0	0	0	0	0	0	0
17	안동	10	0	0	0	0	0	0	0	0	0	0	0	0
17	안동	10.5	0	0	0	0	0	0	0	0	0	0	0	0
17	안동	11	0	0	0	0	0	0	0	0	0	0	0	0
17	안동	11.5	0	0	0	0	0	0	0	0	0	0	0	0
17	안동	12	0	0	0	0	0	0	0	0	0	0	0	0
17	안동	12.5	0	0	0	0	0	0	0	0	0	0	0	0
17	안동	13	0	0	0	0	0	0	0	0	0	0	0	0
17	안동	13.5	0	0	0	0	0	0	0	0	0	0	0	0
17	안동	14	0	0	0	0	0	0	0	0	0	0	0	0
17	안동	14.5	0	0	0	0	0	0	0	0	0	0	0	0
17	안동	15	0	0	0	0	0	0	0	0	0	0	0	0
17	안동	15.5	0	0	0	0	0	0	0	0	0	0	0	0
17	안동	16	0	0	0	0	0	0	0	0	0	0	0	0
18	수원	0	147	40	60	109	94	55	44	145	45	126	138	131
18	수원	0.5	82	106	68	71	83	88	62	71	102	104	99	105
18	수원	1	124	101	102	93	108	123	136	71	122	138	95	97
18	수원	1.5	126	88	94	93	108	141	140	75	138	124	95	98
18	수원	2	90	110	89	66	85	98	121	74	108	94	64	79
18	수원	2.5	70	84	70	68	60	82	93	80	80	65	75	79
18	수원	3	50	60	72	60	74	63	63	81	60	48	35	64
18	수원	3.5	29	40	59	46	46	37	50	68	42	23	46	35
18	수원	4	17	24	45	52	40	20	20	44	11	10	32	24
18	수원	4.5	4	12	37	30	22	6	13	22	4	4	19	15
18	수원	5	3	4	22	19	14	4	2	9	6	2	9	5
18	수원	5.5	1	3	15	8	5	2	0	2	1	4	6	4
18	수원	6	1	0	7	2	5	0	0	1	1	2	3	5
18	수원	6.5	0	0	4	1	0	0	0	1	0	0	3	1
18	수원	7	0	0	0	1	0	0	0	0	0	0	1	1
18	수원	7.5	0	0	0	0	0	1	0	0	0	0	0	1
18	수원	8	0	0	0	1	0	0	0	0	0	0	0	0
18	수원	8.5	0	0	0	0	0	0	0	0	0	0	0	0
18	수원	9	0	0	0	0	0	0	0	0	0	0	0	0
18	수원	9.5	0	0	0	0	0	0	0	0	0	0	0	0
18	수원	10	0	0	0	0	0	0	0	0	0	0	0	0
18	수원	10.5	0	0	0	0	0	0	0	0	0	0	0	0
18	수원	11	0	0	0	0	0	0	0	0	0	0	0	0
18	수원	11.5	0	0	0	0	0	0	0	0	0	0	0	0
18	수원	12	0	0	0	0	0	0	0	0	0	0	0	0
18	수원	12.5	0	0	0	0	0	0	0	0	0	0	0	0
18	수원	13	0	0	0	0	0	0	0	0	0	0	0	0
18	수원	13.5	0	0	0	0	0	0	0	0	0	0	0	0
18	수원	14	0	0	0	0	0	0	0	0	0	0	0	0
18	수원	14.5	0	0	0	0	0	0	0	0	0	0	0	0
18	수원	15	0	0	0	0	0	0	0	0	0	0	0	0
18	수원	15.5	0	0	0	0	0	0	0	0	0	0	0	0
18	수원	16	0	0	0	0	0	0	0	0	0	0	0	0
19	대관	0	31	61	27	31	23	22	16	21	32	41	41	16
19	대관	0.5	63	56	54	51	66	60	54	118	117	123	70	27
19	대관	1	62	46	49	46	69	75	39	78	78	97	69	48
19	대관	1.5	50	52	43	28	52	58	37	70	64	67	61	36
19	대관	2	33	46	42	44	54	73	68	80	67	61	39	33
19	대관	2.5	52	54	69	50	61	52	95	67	78	49	39	37
19	대관	3	52	61	70	52	56	72	76	77	71	55	48	36
19	대관	3.5	55	37	60	54	48	64	65	68	73	63	42	50
19	대관	4	44	52	42	56	49	53	53	34	59	50	26	43
19	대관	4.5	32	39	32	45	44	31	48	28	34	28	28	49
19	대관	5	33	36	31	37	49	21	41	22	21	25	19	45
19	대관	5.5	30	32	19	35	40	30	46	22	8	15	22	53
19	대관	6	29	26	36	26	23	17	47	16	6	19	25	47
19	대관	6.5	30	13	30	25	27	19	26	7	4	9	30	42
19	대관	7	26	6	21	26	22	21	10	13	2	10	24	26
19	대관	7.5	27	12	24	15	13	11	12	6	0	6	18	17
19	대관	8	14	13	12	16	15	14	6	4	0	4	23	30
19	대관	8.5	18	13	14	16	11	16	1	2	1	5	18	24
19	대관	9	15	6	20	9	1	7	1	3	0	4	17	21
19	대관	9.5	15	2	13	9	6	1	1	1	0	3	18	24
19	대관	10	6	3	11	4	4	1	1	1	0	2	17	13
19	대관	10.5	2	4	10	8	2	1	1	3	2	2	9	7
19	대관	11	4	1	5	6	3	1	0	3	0	3	6	10
19	대관	11.5	9	0	6	7	1	0	0	0	1	1	4	5
19	대관	12	2	1	2	5	1	0	0	0	0	0	4	1
19	대관	12.5	4	0	0	5	2	0	0	0	0	2	3	2
19	대관	13	4	0	1	5	1	0	0	0	0	0	0	1
19	대관	13.5	0	0	0	3	0	0	0	0	0	0	0	0
19	대관	14	1	0	1	2	1	0	0	0	0	0	0	1
19	대관	14.5	0	0	0	2	0	0	0	0	1	0	0	0
19	대관	15	1	0	0	0	0	0	0	0	0	0	0	0
19	대관	15.5	0	0	0	2	0	0	0	0	0	0	0	0
19	대관	16	0	0	0	0	0	0	0	0	0	0	0	0
20	추풍	0	27	35	54	22	69	41	112	131	40	112	56	31
20	추풍	0.5	68	71	65	70	84	88	101	141	156	117	113	58
20	추풍	1	61	44	55	56	78	89	102	97	127	105	100	65
20	추풍	1.5	41	44	28	51	71	88	101	73	105	68	57	41
20	추풍	2	40	42	53	59	63	77	79	61	74	66	50	36
20	추풍	2.5	56	37	61	41	62	74	68	73	65	48	53	47
20	추풍	3	72	54	61	65	52	66	58	57	55	49	46	55
20	추풍	3.5	76	56	68	54	62	78	48	61	32	36	64	75
20	추풍	4	72	61	73	62	65	48	31	34	24	34	35	72
20	추풍	4.5	55	64	57	60	48	44	19	12	21	38	41	80
20	추풍	5	47	51	71	54	38	20	11	4	13	18	27	54
20	추풍	5.5	41	48	34	42	25	5	6	0	1	17	32	61
20	추풍	6	29	36	29	36	17	1	5	0	5	18	15	24
20	추풍	6.5	29	13	10	16	4	1	2	0	1	11	14	23
20	추풍	7	19	12	11	12	4	0	0	0	0	2	6	11
20	추풍	7.5	9	2	7	13	2	0	0	0	1	2	6	7
20	추풍	8	2	0	6	5	0	0	0	0	0	1	1	2
20	추풍	8.5	0	2	1	1	0	0	1	0	0	1	2	1
20	추풍	9	0	0	0	0	0	0	0	0	0	0	1	1
20	추풍	9.5	0	0	0	0	0	0	0	0	0	1	1	0
20	추풍	10	0	0	0	1	0	0	0	0	0	0	0	0
20	추풍	10.5	0	0	0	0	0	0	0	0	0	0	0	0
20	추풍	11	0	0	0	0	0	0	0	0	0	0	0	0
20	추풍	11.5	0	0	0	0	0	0	0	0	0	0	0	0
20	추풍	12	0	0	0	0	0	0	0	0	0	0	0	0
20	추풍	12.5	0	0	0	0	0	0	0	0	0	0	0	0
20	추풍	13	0	0	0	0	0	0	0	0	0	0	0	0
20	추풍	13.5	0	0	0	0	0	0	0	0	0	0	0	0
20	추풍	14	0	0	0	0	0	0	0	0	0	0	0	0
20	추풍	14.5	0	0	0	0	0	0	0	0	0	0	0	0
20	추풍	15	0	0	0	0	0	0	0	0	0	0	0	0
20	추풍	15.5	0	0	0	0	0	0	0	0	0	0	0	0
20	추풍	16	0	0	0	0	0	0	0	0	0	0	0	0
